
Rates for sites

[replicate 1]
 0.0667  3.4297  0.5015  0.0667  0.5015  0.0021  3.4297  0.5015  0.0021  0.0021 
 0.0667  3.4297  0.0021  0.0021  0.0667  3.4297  3.4297  3.4297  0.5015  0.0021 
 0.0021  0.0021  0.5015  0.0667  3.4297  0.0667  0.0021  3.4297  0.5015  0.0021 
 0.0667  0.0667  3.4297  0.5015  0.5015  0.5015  0.0667  0.0021  0.5015  3.4297 
 0.5015  0.0667  0.0667  0.5015  3.4297  0.5015  0.5015  0.5015  3.4297  0.5015 
 0.0667  0.0667  0.5015  3.4297  0.0021  3.4297  0.0021  0.5015  0.0021  0.0667 
 3.4297  3.4297  0.0667  0.5015  0.0667  0.0667  0.0667  0.0667  0.0021  3.4297 
 0.5015  0.5015  0.0667  3.4297  0.5015  0.0667  0.0667  0.0021  3.4297  0.5015 
 0.5015  0.0667  0.0667  0.0021  0.5015  3.4297  0.0021  0.0667  3.4297  3.4297 
 0.0667  3.4297  0.0021  3.4297  0.0021  0.0021  0.5015  0.0667  0.0021  0.0021 
 0.5015  0.0667  0.5015  0.5015  0.5015  3.4297  3.4297  0.5015  0.0667  0.0667 
 0.0667  0.5015  3.4297  0.0667  0.0021  0.0667  0.5015  3.4297  0.0667  3.4297 
 3.4297  0.0667  0.0021  0.5015  0.0667  0.0021  0.0021  3.4297  0.0667  0.0021 
 3.4297  0.0021  0.0667  0.0021  3.4297  3.4297  0.0021  0.5015  0.5015  3.4297 
 0.0667  3.4297  0.0667  3.4297  0.5015  3.4297  0.0667  0.0021  0.0021  0.0021 
 0.0021  0.0667  0.0667  0.0021  0.5015  3.4297  0.0667  3.4297  0.5015  0.5015 
 0.0021  0.5015  0.0667  0.5015  0.0667  0.0021  3.4297  0.0021  0.0021  3.4297 
 0.5015  0.0021  0.5015  0.0021  0.5015  0.0667  0.0021  0.0021  0.0667  0.0021 
 0.0667  0.0021  0.5015  3.4297  0.5015  0.0021  0.0021  3.4297  0.0667  0.0667 
 0.0021  0.0667  0.5015  3.4297  0.0021  0.0667  0.0667  0.0021  0.5015  3.4297 
 0.0667  0.0667  0.5015  0.0021  0.5015  0.0021  3.4297  0.0667  3.4297  0.0021 
 0.5015  0.0667  0.5015  0.0021  3.4297  0.0021  0.0021  3.4297  0.5015  0.0021 
 0.0667  0.5015  0.0667  0.0021  0.5015  3.4297  0.0667  0.0021  0.5015  0.0667 
 0.5015  0.0021  0.5015  0.0021  0.0667  0.0021  0.5015  0.0667  0.0667  0.5015 
 0.0021  0.0021  0.5015  0.5015  3.4297  0.5015  0.5015  0.5015  3.4297  0.5015 
 0.5015  0.0667  0.5015  0.0021  0.5015  0.0667  3.4297  0.5015  0.5015  3.4297 
 0.5015  3.4297  0.5015  0.0021  0.0667  3.4297  0.5015  3.4297  0.5015  0.0021 
 0.0021  0.5015  0.0021  0.0021  0.5015  3.4297  0.0667  0.0021  0.0021  0.5015 
 3.4297  3.4297  3.4297  3.4297  0.5015  0.0667  0.5015  0.0667  0.5015  0.0021 
 0.5015  0.5015  0.0667  0.0021  3.4297  0.0021  0.0667  0.0021  0.5015  0.0667 
 3.4297  0.0021  0.0667  0.0021  0.0021  0.0021  3.4297  3.4297  0.5015  0.5015 
 0.5015  3.4297  0.5015  0.0667  0.0021  0.0667  0.0021  0.0667  3.4297  0.0667 
 0.0021  0.5015  0.5015  0.0667  3.4297  0.0667  0.0667  3.4297  0.5015  0.5015 
 0.0667  0.0667  0.0021  0.5015  0.0667  3.4297  0.5015  0.0667  0.5015  0.0021 
 3.4297  0.0021  0.0021  3.4297  0.0667  0.5015  0.0667  0.5015  0.0021  0.0667 
 0.0667  0.5015  0.0667  0.5015  0.5015  3.4297  0.0667  0.0667  0.0021  3.4297 
 0.0667  0.5015  0.0667  0.5015  0.5015  3.4297  0.0667  0.0667  0.5015  3.4297 
 3.4297  0.5015  0.5015  0.0021  3.4297  0.5015  0.5015  0.0667  3.4297  0.0667 
 0.0667  0.5015  0.5015  0.5015  0.0021  0.0021  0.0021  0.0021  0.0667  3.4297 
 0.5015  3.4297  0.0667  0.5015  0.0021  0.0667  0.0021  0.0667  3.4297  0.0021 
 3.4297  0.5015  0.0667  0.5015  3.4297  0.0021  0.0667  0.0667  0.5015  3.4297 
 0.0667  0.5015  0.0667  0.0667  0.0667  0.0667  0.0021  0.0667  0.5015  0.5015 
 0.0021  0.5015  0.0667  0.5015  0.0667  3.4297  0.5015  0.0667  0.0667  0.5015 
 3.4297  0.0021  0.0021  0.0667  0.5015  3.4297  0.0667  0.0021  3.4297  3.4297 
 0.0021  0.0667  0.5015  0.0021  0.5015  3.4297  0.5015  3.4297  0.0667  0.5015 
 0.5015  0.0021  0.0667  0.5015  0.5015  0.5015  0.0667  0.5015  0.0667  3.4297 
 0.5015  3.4297  0.0667  0.0667  3.4297  3.4297  0.5015  0.0667  0.0667  0.0021 
 0.5015  0.0667  3.4297  0.0021  3.4297  0.5015  3.4297  0.0667  0.0021  0.0021 
 0.5015  0.0021  3.4297  0.5015  3.4297  0.0667  0.0021  0.0021  0.0021  0.5015 
 0.5015  0.5015  0.5015  0.0667  3.4297  3.4297  3.4297  0.0021  0.0667  0.0667 
 0.0021  3.4297  0.5015  0.0667  3.4297  0.0021  0.0667  0.0021  3.4297  0.0021 
 0.0021  3.4297  0.0667  0.5015  0.5015  0.5015  0.0021  0.0021  3.4297  0.0667 
 3.4297  3.4297  3.4297  0.0667  0.5015  3.4297  0.0667  0.0667  0.5015  0.0667 
 3.4297  0.0667  0.0667  3.4297  0.0021  0.5015  3.4297  3.4297  0.0667  0.5015 
 0.0667  0.0021  3.4297  0.0021  0.0021  3.4297  0.0021  0.0021  0.0667  0.0021 
 0.5015  3.4297  0.0667  3.4297  3.4297  0.0021  0.0667  0.0021  0.0667  3.4297 
 3.4297  0.0667  0.0667  0.0667  3.4297  3.4297  0.0021  0.0667  3.4297  0.0667 
 0.0021  3.4297  3.4297  0.5015  0.0021  0.5015  3.4297  0.0021  0.5015  0.0021 
 3.4297  3.4297  0.5015  0.5015  3.4297  0.5015  0.0667  0.0021  0.5015  0.0021 
 0.5015  0.0021  3.4297  0.5015  0.5015  0.0021  0.5015  0.0021  3.4297  0.0021 
 0.0667  0.5015  3.4297  3.4297  0.5015  0.5015  0.5015  0.5015  3.4297  3.4297 
 0.0021  3.4297  0.0021  3.4297  0.5015  0.0667  0.5015  0.5015  0.0021  0.0021 
 0.0021  0.5015  0.5015  3.4297  0.0021  0.0021  0.0667  0.5015  0.5015  0.5015 
 3.4297  0.5015  0.5015  0.0021  0.0021  3.4297  0.0021  0.0021  0.0667  0.0667 
 0.0021  0.0667  3.4297  0.0021  0.5015  0.0021  0.0667  3.4297  0.0667  3.4297 
 3.4297  0.0021  0.0667  3.4297  0.0021  0.0667  0.5015  3.4297  3.4297  0.5015 
 0.0667  0.0667  0.0021  0.0667  3.4297  3.4297  3.4297  0.0021  3.4297  3.4297 
 0.0667  0.0021  3.4297  0.0021  0.0021  3.4297  0.5015  0.5015  3.4297  0.0667 
 3.4297  0.5015  0.0021  0.5015  0.5015  0.0667  3.4297  0.0667  3.4297  0.5015 
 0.0021  0.0667  3.4297  0.0021  3.4297  0.5015  0.5015  3.4297  0.5015  0.0667 
 0.5015  0.5015  0.0667  0.5015  3.4297  3.4297  0.0021  0.0667  3.4297  0.0667 
 0.5015  0.0021  0.0021  0.0667  0.0021  0.0667  3.4297  0.0667  0.0021  0.0021 
 3.4297  0.5015  0.5015  0.5015  3.4297  0.0667  0.0021  0.5015  0.5015  0.5015 
 0.0667  0.0021  3.4297  3.4297  0.5015  0.0021  0.0021  3.4297  3.4297  3.4297 
 0.0021  0.0021  3.4297  0.5015  0.0021  0.5015  0.0021  0.0667  3.4297  3.4297 
 3.4297  3.4297  0.0667  0.5015  0.0021  3.4297  0.0667  0.5015  0.0667  0.0021 
 0.5015  0.0667  0.0021  3.4297  0.0021  3.4297  3.4297  0.0667  0.0667  0.5015 
 0.0021  3.4297  0.0667  0.5015  0.0021  0.0021  0.0021  0.5015  0.0667  0.0021 
 0.5015  0.5015  0.5015  3.4297  3.4297  0.5015  0.5015  0.0667  0.5015  0.0667 
 0.0021  0.0021  3.4297  0.0021  0.0021  0.0667  0.0021  0.5015  3.4297  3.4297 
 0.0667  0.0667  0.0667  0.0021  0.0021  0.0021  3.4297  0.5015  0.0667  0.0667 
 0.0021  0.0021  0.0021  0.0021  0.5015  0.5015  0.0667  3.4297  0.0021  0.5015 
 0.5015  3.4297  3.4297  0.5015  0.0021  0.5015  0.0667  0.0021  3.4297  0.5015 
 0.0667  0.5015  0.0021  3.4297  0.0021  0.0667  0.0667  3.4297  3.4297  0.0021 
 3.4297  0.5015  3.4297  0.5015  3.4297  0.5015  0.5015  0.0667  0.5015  0.0021 
 0.5015  0.0021  0.0021  0.5015  3.4297  0.0667  0.0021  0.0021  0.5015  0.0021 
 0.0021  3.4297  3.4297  0.0667  0.5015  3.4297  3.4297  0.5015  0.0021  3.4297 
 0.0667  0.0667  3.4297  0.0667  0.0021  3.4297  3.4297  3.4297  3.4297  0.0667 
 0.0021  0.0667  0.0021  0.0021  0.0021  0.0021  0.0667  3.4297  3.4297  0.0667 
 3.4297  0.0021  3.4297  3.4297  0.0021  3.4297  0.0667  0.5015  0.0021  0.5015 
 3.4297  0.5015  0.0667  3.4297  0.0021  0.5015  0.0021  0.0021  3.4297  3.4297 
 0.0021  0.5015  0.0021  0.0667  0.0021  0.5015  0.0021  0.0667  0.5015  0.0021 
 0.5015  0.0667  3.4297  0.0667  0.0021  0.5015  0.0021  0.5015  0.5015  0.0667 
 0.0667  3.4297  0.0667  3.4297  3.4297  0.0667  0.5015  0.0667  0.0021  0.5015 
 0.0667  3.4297  0.0667  0.5015  0.0667  0.0667  0.5015  0.0667  0.5015  0.0667 
 0.5015  0.0667  0.5015  3.4297  0.0667  0.0021  0.0667  0.0021  0.0021  0.5015 
 0.0667  0.5015  0.0021  3.4297  0.5015  0.0667  0.0021  3.4297  3.4297  0.5015 
 0.5015  0.5015  0.0667  0.5015  0.0021  3.4297  0.0021  3.4297  3.4297  3.4297 
 0.5015  0.0667  3.4297  0.5015  0.0667  0.5015  0.5015  0.5015  0.0021  0.0021 
 0.0667  0.0021  0.0021  0.0667  0.0021  3.4297  0.0021  0.0667  3.4297  0.5015 
