     1    895     85


 1

     1    202    -1.4383747331   0.237313142610     212.3953  AAAAA
     2      4    -5.4443645539   0.004320584634       3.8669  AAAAC
     3     15    -4.3249239912   0.013234556001      11.8449  AAAAG
     4      1    -6.0528349862   0.002351186967       2.1043  AAAAT
     5      4    -5.8424530000   0.002901715979       2.5970  AAACA
     6      2    -6.7416050316   0.001180750493       1.0568  AAACC
     7      1    -7.2625575963   0.000701312067       0.6277  AAACG
     8     13    -4.5370129369   0.010705336356       9.5813  AAAGA
     9      3    -5.5618343469   0.003841722878       3.4383  AAAGG
    10      4    -6.5279760358   0.001461961816       1.3085  AAATA
    11      2    -7.0742557446   0.000846622423       0.7577  AACAA
    12      9    -5.4293657933   0.004385876473       3.9254  AAGAA
    13      2    -6.6852243936   0.001249234402       1.1181  AAGAG
    14      1   -10.7958362878   0.000020484618       0.0183  ACATC
    15      4    -5.5686902985   0.003815474294       3.4148  AGAAA
    16      1    -7.8513964577   0.000389208076       0.3483  AGAAC
    17      1    -8.3409567755   0.000238544001       0.2135  AGAAT
    18      1    -8.2328243939   0.000265784589       0.2379  AGACA
    19      1    -6.6682232339   0.001270654402       1.1372  AGGAA
    20      1    -8.0505346937   0.000318931346       0.2854  ATAAA
    21      1   -10.7647070121   0.000021132318       0.0189  ATAAT
    22      1   -10.1278622709   0.000039950784       0.0358  CAAAT
    23      3    -8.0726481015   0.000311956095       0.2792  CCAAA
    24      1    -8.2289144382   0.000266825829       0.2388  CCACT
    25      2    -6.8270859254   0.001084012413       0.9702  CCCAA
    26      5    -6.2260136320   0.001977318526       1.7697  CCCAC
    27      5    -5.8172007496   0.002975923852       2.6635  CCCCA
    28    184    -1.5011800563   0.222867009300     199.4660  CCCCC
    29      4    -7.4300701770   0.000593145885       0.5309  CCCCG
    30     24    -3.9067729254   0.020105277717      17.9942  CCCCT
    31     14    -4.1576568056   0.015644172343      14.0015  CCCTC
    32      3    -4.6391289336   0.009666113788       8.6512  CCCTT
    33      1    -8.2942887789   0.000249940222       0.2237  CCTAA
    34      2    -7.3829693000   0.000621751974       0.5565  CCTCA
    35      8    -5.1300900505   0.005916027709       5.2948  CCTCC
    36      3    -5.7354101893   0.003229557367       2.8905  CCTCT
    37      1    -9.5939313130   0.000068141011       0.0610  CCTGA
    38      1   -10.6521778051   0.000023649282       0.0212  CCTGG
    39      4    -5.7637609818   0.003139282583       2.8097  CCTTC
    40      1    -5.7669057285   0.003129425841       2.8008  CCTTT
    41      3    -7.5433028449   0.000529645393       0.4740  CTCCA
    42     11    -5.2632695209   0.005178346299       4.6346  CTCCC
    43      2    -5.9474411299   0.002612517064       2.3382  CTCCT
    44      1    -7.9331260487   0.000358663459       0.3210  CTCTA
    45      2    -6.0286530554   0.002408736229       2.1558  CTCTC
    46      1    -6.2850907927   0.001863887735       1.6682  CTCTT
    47      8    -6.0630485406   0.002327295208       2.0829  CTTCC
    48      1    -5.7685481517   0.003124290218       2.7962  CTTTT
    49      7    -5.7028557232   0.003336423937       2.9861  GAAAA
    50      1    -7.9551708517   0.000350843307       0.3140  GAAAC
    51      1    -8.4433068582   0.000215336883       0.1927  GAAAT
    52      1    -9.4522839490   0.000078510047       0.0703  GAACG
    53      1    -7.0492116118   0.000868093082       0.7769  GAAGA
    54      2    -6.5129434634   0.001484104879       1.3283  GAGAA
    55      1    -9.3433123566   0.000087548962       0.0784  GAGGC
    56      3    -5.9828202998   0.002521704292       2.2569  GGAAA
    57      5    -5.1992094996   0.005520926991       4.9412  GGGAA
    58      2    -5.3574847239   0.004712745067       4.2179  GGGAG
    59      1    -8.4763657169   0.000208334475       0.1865  GGGCG
    60     71    -2.7170667248   0.066068266886      59.1311  GGGGG
    61      1    -9.7802014280   0.000056560402       0.0506  TAAGA
    62      8    -5.4128778717   0.004458789904       3.9906  TCCCC
    63      4    -6.0545239391   0.002347219274       2.1008  TCCCT
    64      1    -8.0154075681   0.000330333579       0.2956  TCCTA
    65      1    -6.1204734987   0.002197415243       1.9667  TCCTC
    66      1    -6.3541187344   0.001739567544       1.5569  TCCTT
    67      1    -8.2235269266   0.000268267236       0.2401  TCTAC
    68      1    -7.8662619044   0.000383465116       0.3432  TCTCA
    69      2    -5.9645962357   0.002568081298       2.2984  TCTCC
    70      1    -5.9952800599   0.002490479393       2.2290  TCTTC
    71      3    -5.5904371868   0.003733395317       3.3414  TCTTT
    72      1    -8.5302816184   0.000197399371       0.1767  TTCAA
    73      3    -5.4935893873   0.004113054302       3.6812  TTCCC
    74      3    -5.8528244158   0.002871776602       2.5702  TTCCT
    75      3    -5.7849596056   0.003073434523       2.7507  TTCTC
    76      3    -5.4665837167   0.004225643523       3.7820  TTCTT
    77      1    -7.7623186007   0.000425468944       0.3808  TTTAA
    78      2    -7.1316724403   0.000799381351       0.7154  TTTAT
    79      1    -6.9111959926   0.000996565199       0.8919  TTTCA
    80     12    -4.5616112040   0.010445216005       9.3485  TTTCC
    81     10    -4.3725391960   0.012619157338      11.2941  TTTCT
    82      1    -6.6667233572   0.001272561657       1.1389  TTTTA
    83      9    -4.0769833067   0.016958547301      15.1779  TTTTC
    84      1    -8.4724569524   0.000209150399       0.1872  TTTTG
    85    156    -1.8148122722   0.162868480463     145.7673  TTTTT