Supplemental results for BASEML

seqf:  mc.nex
treef: brown2.trees


stage 0: (1, 2, 3, 4, 5, 6, 7, 8, 9, 10, 11, 12, 13, 14, 15, 16);
lnL: -18220.840615   111

stage 1:   120 trees, ntime:  2  np:  4
star tree: (1, 2, 3, 4, 5, 6, 7, 8, 9, 10, 11, 12, 13, 14, 15, 16);  lnL:-18220.840615

S=1:  1/120  T=   1  ((1, 2), 3, 4, 5, 6, 7, 8, 9, 10, 11, 12, 13, 14, 15, 16);   140 X  4.280  4.460 +0.906811
S=1:  2/120  T=   2  ((1, 3), 2, 4, 5, 6, 7, 8, 9, 10, 11, 12, 13, 14, 15, 16);    84 X  4.295  4.458 -0.000047
S=1:  3/120  T=   3  ((1, 4), 2, 3, 5, 6, 7, 8, 9, 10, 11, 12, 13, 14, 15, 16);   160 X  4.295  4.458 -0.000019
S=1:  4/120  T=   4  ((1, 5), 2, 3, 4, 6, 7, 8, 9, 10, 11, 12, 13, 14, 15, 16);   146 X  4.308  4.458 +0.085283
S=1:  5/120  T=   5  ((1, 6), 2, 3, 4, 5, 7, 8, 9, 10, 11, 12, 13, 14, 15, 16);   104 X  4.295  4.458 -0.000026
S=1:  6/120  T=   6  ((1, 7), 2, 3, 4, 5, 6, 8, 9, 10, 11, 12, 13, 14, 15, 16);   123 X  4.295  4.458 -0.000025
S=1:  7/120  T=   7  ((1, 8), 2, 3, 4, 5, 6, 7, 9, 10, 11, 12, 13, 14, 15, 16);    73 X  4.257  4.493 -0.039149
S=1:  8/120  T=   8  ((1, 9), 2, 3, 4, 5, 6, 7, 8, 10, 11, 12, 13, 14, 15, 16);   152 X  4.295  4.458 -0.000009
S=1:  9/120  T=   9  ((1, 10), 2, 3, 4, 5, 6, 7, 8, 9, 11, 12, 13, 14, 15, 16);   115 X  4.295  4.458 -0.000004
S=1: 10/120  T=  10  ((1, 11), 2, 3, 4, 5, 6, 7, 8, 9, 10, 12, 13, 14, 15, 16);   136 X  4.292  4.461 +0.414163
S=1: 11/120  T=  11  ((1, 12), 2, 3, 4, 5, 6, 7, 8, 9, 10, 11, 13, 14, 15, 16);   127 X  4.295  4.458 -0.000022
S=1: 12/120  T=  12  ((1, 13), 2, 3, 4, 5, 6, 7, 8, 9, 10, 11, 12, 14, 15, 16);   128 X  4.295  4.458 -0.000029
S=1: 13/120  T=  13  ((1, 14), 2, 3, 4, 5, 6, 7, 8, 9, 10, 11, 12, 13, 15, 16);   130 X  4.295  4.458 -0.000015
S=1: 14/120  T=  14  ((1, 15), 2, 3, 4, 5, 6, 7, 8, 9, 10, 11, 12, 13, 14, 16);   130 X  4.295  4.458 -0.000006
S=1: 15/120  T=  15  ((1, 16), 2, 3, 4, 5, 6, 7, 8, 9, 10, 11, 12, 13, 14, 15);   112 X  4.295  4.458 -0.000006
S=1: 16/120  T=  16  (1, (2, 3), 4, 5, 6, 7, 8, 9, 10, 11, 12, 13, 14, 15, 16);   143 X  4.295  4.458 -0.000026
S=1: 17/120  T=  17  (1, (2, 4), 3, 5, 6, 7, 8, 9, 10, 11, 12, 13, 14, 15, 16);   131 X  4.295  4.458 -0.000048
S=1: 18/120  T=  18  (1, (2, 5), 3, 4, 6, 7, 8, 9, 10, 11, 12, 13, 14, 15, 16);   122 X  4.295  4.458 -0.000009
S=1: 19/120  T=  19  (1, (2, 6), 3, 4, 5, 7, 8, 9, 10, 11, 12, 13, 14, 15, 16);    88 X  4.294  4.438 -0.008601
S=1: 20/120  T=  20  (1, (2, 7), 3, 4, 5, 6, 8, 9, 10, 11, 12, 13, 14, 15, 16);   131 X  4.295  4.458 -0.000038
S=1: 21/120  T=  21  (1, (2, 8), 3, 4, 5, 6, 7, 9, 10, 11, 12, 13, 14, 15, 16);   112 X  4.295  4.458 -0.000053
S=1: 22/120  T=  22  (1, (2, 9), 3, 4, 5, 6, 7, 8, 10, 11, 12, 13, 14, 15, 16);    86 X  4.324  4.457 -0.006721
S=1: 23/120  T=  23  (1, (2, 10), 3, 4, 5, 6, 7, 8, 9, 11, 12, 13, 14, 15, 16);   170 X  4.357  4.370 +40.393142
S=1: 24/120  T=  24  (1, (2, 11), 3, 4, 5, 6, 7, 8, 9, 10, 12, 13, 14, 15, 16);   158 X  4.501  4.329 +170.952096
S=1: 25/120  T=  25  (1, (2, 12), 3, 4, 5, 6, 7, 8, 9, 10, 11, 13, 14, 15, 16);   144 X  4.295  4.458 -0.000014
S=1: 26/120  T=  26  (1, (2, 13), 3, 4, 5, 6, 7, 8, 9, 10, 11, 12, 14, 15, 16);   143 X  4.295  4.458 -0.000016
S=1: 27/120  T=  27  (1, (2, 14), 3, 4, 5, 6, 7, 8, 9, 10, 11, 12, 13, 15, 16);   159 X  4.295  4.458 -0.000052
S=1: 28/120  T=  28  (1, (2, 15), 3, 4, 5, 6, 7, 8, 9, 10, 11, 12, 13, 14, 16);   141 X  4.295  4.458 -0.000010
S=1: 29/120  T=  29  (1, (2, 16), 3, 4, 5, 6, 7, 8, 9, 10, 11, 12, 13, 14, 15);   142 X  4.295  4.458 -0.000031
S=1: 30/120  T=  30  (1, 2, (3, 4), 5, 6, 7, 8, 9, 10, 11, 12, 13, 14, 15, 16);   205 X  4.281  4.454 -0.002374
S=1: 31/120  T=  31  (1, 2, (3, 5), 4, 6, 7, 8, 9, 10, 11, 12, 13, 14, 15, 16);   159 X  4.282  4.470 +0.817120
S=1: 32/120  T=  32  (1, 2, (3, 6), 4, 5, 7, 8, 9, 10, 11, 12, 13, 14, 15, 16);   128 X  4.295  4.465 -0.005370
S=1: 33/120  T=  33  (1, 2, (3, 7), 4, 5, 6, 8, 9, 10, 11, 12, 13, 14, 15, 16);   233 X  4.289  4.447 -0.000459
S=1: 34/120  T=  34  (1, 2, (3, 8), 4, 5, 6, 7, 9, 10, 11, 12, 13, 14, 15, 16);   263 X  4.293  4.451 -0.001847
S=1: 35/120  T=  35  (1, 2, (3, 9), 4, 5, 6, 7, 8, 10, 11, 12, 13, 14, 15, 16);   120 X  4.327  4.491 -0.049385
S=1: 36/120  T=  36  (1, 2, (3, 10), 4, 5, 6, 7, 8, 9, 11, 12, 13, 14, 15, 16);   146 X  4.295  4.458 -0.000026
S=1: 37/120  T=  37  (1, 2, (3, 11), 4, 5, 6, 7, 8, 9, 10, 12, 13, 14, 15, 16);   136 X  4.295  4.458 -0.000014
S=1: 38/120  T=  38  (1, 2, (3, 12), 4, 5, 6, 7, 8, 9, 10, 11, 13, 14, 15, 16);   196 X  4.295  4.458 -0.000032
S=1: 39/120  T=  39  (1, 2, (3, 13), 4, 5, 6, 7, 8, 9, 10, 11, 12, 14, 15, 16);   196 X  4.430  4.375 +34.484472
S=1: 40/120  T=  40  (1, 2, (3, 14), 4, 5, 6, 7, 8, 9, 10, 11, 12, 13, 15, 16);    57 X  4.618  4.158 -1.751778
S=1: 41/120  T=  41  (1, 2, (3, 15), 4, 5, 6, 7, 8, 9, 10, 11, 12, 13, 14, 16);   181 X  4.325  4.473 +15.519521
S=1: 42/120  T=  42  (1, 2, (3, 16), 4, 5, 6, 7, 8, 9, 10, 11, 12, 13, 14, 15);   150 X  4.243  4.461 +2.000147
S=1: 43/120  T=  43  (1, 2, 3, (4, 5), 6, 7, 8, 9, 10, 11, 12, 13, 14, 15, 16);   139 X  4.295  4.458 -0.000019
S=1: 44/120  T=  44  (1, 2, 3, (4, 6), 5, 7, 8, 9, 10, 11, 12, 13, 14, 15, 16);   192 X  4.238  4.307 +148.957810
S=1: 45/120  T=  45  (1, 2, 3, (4, 7), 5, 6, 8, 9, 10, 11, 12, 13, 14, 15, 16);   169 X  4.322  4.315 +99.163582
S=1: 46/120  T=  46  (1, 2, 3, (4, 8), 5, 6, 7, 9, 10, 11, 12, 13, 14, 15, 16);   143 X  4.306  4.416 -0.034542
S=1: 47/120  T=  47  (1, 2, 3, (4, 9), 5, 6, 7, 8, 10, 11, 12, 13, 14, 15, 16);   160 X  4.266  4.392 +3.801417
S=1: 48/120  T=  48  (1, 2, 3, (4, 10), 5, 6, 7, 8, 9, 11, 12, 13, 14, 15, 16);   126 X  4.295  4.458 -0.000040
S=1: 49/120  T=  49  (1, 2, 3, (4, 11), 5, 6, 7, 8, 9, 10, 12, 13, 14, 15, 16);   121 X  4.288  4.499 -0.007845
S=1: 50/120  T=  50  (1, 2, 3, (4, 12), 5, 6, 7, 8, 9, 10, 11, 13, 14, 15, 16);   231 X  4.286  4.448 -0.000751
S=1: 51/120  T=  51  (1, 2, 3, (4, 13), 5, 6, 7, 8, 9, 10, 11, 12, 14, 15, 16);   155 X  4.295  4.457 +0.002196
S=1: 52/120  T=  52  (1, 2, 3, (4, 14), 5, 6, 7, 8, 9, 10, 11, 12, 13, 15, 16);   222 X  4.292  4.466 -0.000340
S=1: 53/120  T=  53  (1, 2, 3, (4, 15), 5, 6, 7, 8, 9, 10, 11, 12, 13, 14, 16);   121 X  4.261  4.493 -0.050566
S=1: 54/120  T=  54  (1, 2, 3, (4, 16), 5, 6, 7, 8, 9, 10, 11, 12, 13, 14, 15);   161 X  4.271  4.473 +5.505481
S=1: 55/120  T=  55  (1, 2, 3, 4, (5, 6), 7, 8, 9, 10, 11, 12, 13, 14, 15, 16);   157 X  4.295  4.458 -0.000026
S=1: 56/120  T=  56  (1, 2, 3, 4, (5, 7), 6, 8, 9, 10, 11, 12, 13, 14, 15, 16);   151 X  4.295  4.458 -0.000013
S=1: 57/120  T=  57  (1, 2, 3, 4, (5, 8), 6, 7, 9, 10, 11, 12, 13, 14, 15, 16);   161 X  4.294  4.449 +0.062561
S=1: 58/120  T=  58  (1, 2, 3, 4, (5, 9), 6, 7, 8, 10, 11, 12, 13, 14, 15, 16);   135 X  4.296  4.453 +0.105565
S=1: 59/120  T=  59  (1, 2, 3, 4, (5, 10), 6, 7, 8, 9, 11, 12, 13, 14, 15, 16);   159 X  4.275  4.470 +1.004326
S=1: 60/120  T=  60  (1, 2, 3, 4, (5, 11), 6, 7, 8, 9, 10, 12, 13, 14, 15, 16);   137 X  4.295  4.458 -0.000009
S=1: 61/120  T=  61  (1, 2, 3, 4, (5, 12), 6, 7, 8, 9, 10, 11, 13, 14, 15, 16);   140 X  4.295  4.458 -0.000001
S=1: 62/120  T=  62  (1, 2, 3, 4, (5, 13), 6, 7, 8, 9, 10, 11, 12, 14, 15, 16);   135 X  4.295  4.458 -0.000009
S=1: 63/120  T=  63  (1, 2, 3, 4, (5, 14), 6, 7, 8, 9, 10, 11, 12, 13, 15, 16);   176 X  4.294  4.453 +0.012650
S=1: 64/120  T=  64  (1, 2, 3, 4, (5, 15), 6, 7, 8, 9, 10, 11, 12, 13, 14, 16);   147 X  4.314  4.456 +1.338744
S=1: 65/120  T=  65  (1, 2, 3, 4, (5, 16), 6, 7, 8, 9, 10, 11, 12, 13, 14, 15);   156 X  4.280  4.465 +0.492784
S=1: 66/120  T=  66  (1, 2, 3, 4, 5, (6, 7), 8, 9, 10, 11, 12, 13, 14, 15, 16);   164 X  4.473  4.458 +96.064616
S=1: 67/120  T=  67  (1, 2, 3, 4, 5, (6, 8), 7, 9, 10, 11, 12, 13, 14, 15, 16);   153 X  4.400  4.440 -0.797139
S=1: 68/120  T=  68  (1, 2, 3, 4, 5, (6, 9), 7, 8, 10, 11, 12, 13, 14, 15, 16);   166 X  4.295  4.384 +3.079930
S=1: 69/120  T=  69  (1, 2, 3, 4, 5, (6, 10), 7, 8, 9, 11, 12, 13, 14, 15, 16);   178 X  4.295  4.458 -0.000030
S=1: 70/120  T=  70  (1, 2, 3, 4, 5, (6, 11), 7, 8, 9, 10, 12, 13, 14, 15, 16);   136 X  4.295  4.458 -0.000034
S=1: 71/120  T=  71  (1, 2, 3, 4, 5, (6, 12), 7, 8, 9, 10, 11, 13, 14, 15, 16);   267 X  4.295  4.458 -0.002999
S=1: 72/120  T=  72  (1, 2, 3, 4, 5, (6, 13), 7, 8, 9, 10, 11, 12, 14, 15, 16);   164 X  4.295  4.418 +0.612683
S=1: 73/120  T=  73  (1, 2, 3, 4, 5, (6, 14), 7, 8, 9, 10, 11, 12, 13, 15, 16);   143 X  4.502  4.343 -0.756497
S=1: 74/120  T=  74  (1, 2, 3, 4, 5, (6, 15), 7, 8, 9, 10, 11, 12, 13, 14, 16);   128 X  4.325  4.492 -0.016770
S=1: 75/120  T=  75  (1, 2, 3, 4, 5, (6, 16), 7, 8, 9, 10, 11, 12, 13, 14, 15);   169 X  4.279  4.433 +1.604398
S=1: 76/120  T=  76  (1, 2, 3, 4, 5, 6, (7, 8), 9, 10, 11, 12, 13, 14, 15, 16);   128 X  4.233  4.479 -0.126878
S=1: 77/120  T=  77  (1, 2, 3, 4, 5, 6, (7, 9), 8, 10, 11, 12, 13, 14, 15, 16);   178 X  4.242  4.438 +3.757019
S=1: 78/120  T=  78  (1, 2, 3, 4, 5, 6, (7, 10), 8, 9, 11, 12, 13, 14, 15, 16);    92 X  4.295  4.458 -0.000042
S=1: 79/120  T=  79  (1, 2, 3, 4, 5, 6, (7, 11), 8, 9, 10, 12, 13, 14, 15, 16);   126 X  4.295  4.458 -0.000030
S=1: 80/120  T=  80  (1, 2, 3, 4, 5, 6, (7, 12), 8, 9, 10, 11, 13, 14, 15, 16);   175 X  4.296  4.456 +0.054434
S=1: 81/120  T=  81  (1, 2, 3, 4, 5, 6, (7, 13), 8, 9, 10, 11, 12, 14, 15, 16);   187 X  4.286  4.447 +0.280638
S=1: 82/120  T=  82  (1, 2, 3, 4, 5, 6, (7, 14), 8, 9, 10, 11, 12, 13, 15, 16);   152 X  4.279  4.461 -0.013458
S=1: 83/120  T=  83  (1, 2, 3, 4, 5, 6, (7, 15), 8, 9, 10, 11, 12, 13, 14, 16);   110 X  4.300  4.455 -0.000918
S=1: 84/120  T=  84  (1, 2, 3, 4, 5, 6, (7, 16), 8, 9, 10, 11, 12, 13, 14, 15);   138 X  4.225  4.419 +7.074055
S=1: 85/120  T=  85  (1, 2, 3, 4, 5, 6, 7, (8, 9), 10, 11, 12, 13, 14, 15, 16);   115 X  4.347  4.507 -0.017287
S=1: 86/120  T=  86  (1, 2, 3, 4, 5, 6, 7, (8, 10), 9, 11, 12, 13, 14, 15, 16);   220 X  4.297  4.462 +0.120364
S=1: 87/120  T=  87  (1, 2, 3, 4, 5, 6, 7, (8, 11), 9, 10, 12, 13, 14, 15, 16);   124 X  4.295  4.458 -0.000045
S=1: 88/120  T=  88  (1, 2, 3, 4, 5, 6, 7, (8, 12), 9, 10, 11, 13, 14, 15, 16);   189 X  3.977  4.370 +126.194785
S=1: 89/120  T=  89  (1, 2, 3, 4, 5, 6, 7, (8, 13), 9, 10, 11, 12, 14, 15, 16);   119 X  4.256  4.501 -0.084127
S=1: 90/120  T=  90  (1, 2, 3, 4, 5, 6, 7, (8, 14), 9, 10, 11, 12, 13, 15, 16);   261 X  4.315  4.256 +603.532063
S=1: 91/120  T=  91  (1, 2, 3, 4, 5, 6, 7, (8, 15), 9, 10, 11, 12, 13, 14, 16);   129 X  4.335  4.478 -0.074269
S=1: 92/120  T=  92  (1, 2, 3, 4, 5, 6, 7, (8, 16), 9, 10, 11, 12, 13, 14, 15);   122 X  4.360  4.497 -0.050040
S=1: 93/120  T=  93  (1, 2, 3, 4, 5, 6, 7, 8, (9, 10), 11, 12, 13, 14, 15, 16);   132 X  4.295  4.458 -0.000014
S=1: 94/120  T=  94  (1, 2, 3, 4, 5, 6, 7, 8, (9, 11), 10, 12, 13, 14, 15, 16);   116 X  4.295  4.458 -0.000019
S=1: 95/120  T=  95  (1, 2, 3, 4, 5, 6, 7, 8, (9, 12), 10, 11, 13, 14, 15, 16);   174 X  4.303  4.458 -0.000798
S=1: 96/120  T=  96  (1, 2, 3, 4, 5, 6, 7, 8, (9, 13), 10, 11, 12, 14, 15, 16);   181 X  4.292  4.448 +0.335765
S=1: 97/120  T=  97  (1, 2, 3, 4, 5, 6, 7, 8, (9, 14), 10, 11, 12, 13, 15, 16);   279 X  4.276  4.461 -0.001506
S=1: 98/120  T=  98  (1, 2, 3, 4, 5, 6, 7, 8, (9, 15), 10, 11, 12, 13, 14, 16);   210 X  4.298  4.463 -0.001881
S=1: 99/120  T=  99  (1, 2, 3, 4, 5, 6, 7, 8, (9, 16), 10, 11, 12, 13, 14, 15);   169 X  4.227  4.392 +13.948601
S=1:100/120  T= 100  (1, 2, 3, 4, 5, 6, 7, 8, 9, (10, 11), 12, 13, 14, 15, 16);   165 X  4.313  4.326 +37.450042
S=1:101/120  T= 101  (1, 2, 3, 4, 5, 6, 7, 8, 9, (10, 12), 11, 13, 14, 15, 16);   177 X  4.296  4.457 +0.001019
S=1:102/120  T= 102  (1, 2, 3, 4, 5, 6, 7, 8, 9, (10, 13), 11, 12, 14, 15, 16);   169 X  4.285  4.459 +0.053770
S=1:103/120  T= 103  (1, 2, 3, 4, 5, 6, 7, 8, 9, (10, 14), 11, 12, 13, 15, 16);   135 X  4.296  4.460 +0.041929
S=1:104/120  T= 104  (1, 2, 3, 4, 5, 6, 7, 8, 9, (10, 15), 11, 12, 13, 14, 16);   122 X  4.295  4.458 -0.000023
S=1:105/120  T= 105  (1, 2, 3, 4, 5, 6, 7, 8, 9, (10, 16), 11, 12, 13, 14, 15);   181 X  4.287  4.442 +0.271327
S=1:106/120  T= 106  (1, 2, 3, 4, 5, 6, 7, 8, 9, 10, (11, 12), 13, 14, 15, 16);   165 X  4.295  4.458 -0.000020
S=1:107/120  T= 107  (1, 2, 3, 4, 5, 6, 7, 8, 9, 10, (11, 13), 12, 14, 15, 16);   141 X  4.295  4.458 -0.000035
S=1:108/120  T= 108  (1, 2, 3, 4, 5, 6, 7, 8, 9, 10, (11, 14), 12, 13, 15, 16);   163 X  4.295  4.458 -0.000046
S=1:109/120  T= 109  (1, 2, 3, 4, 5, 6, 7, 8, 9, 10, (11, 15), 12, 13, 14, 16);   192 X  4.295  4.458 -0.000043
S=1:110/120  T= 110  (1, 2, 3, 4, 5, 6, 7, 8, 9, 10, (11, 16), 12, 13, 14, 15);   114 X  4.295  4.458 -0.000006
S=1:111/120  T= 111  (1, 2, 3, 4, 5, 6, 7, 8, 9, 10, 11, (12, 13), 14, 15, 16);   122 X  4.295  4.458 -0.000018
S=1:112/120  T= 112  (1, 2, 3, 4, 5, 6, 7, 8, 9, 10, 11, (12, 14), 13, 15, 16);   174 X  4.034  4.291 +118.432967
S=1:113/120  T= 113  (1, 2, 3, 4, 5, 6, 7, 8, 9, 10, 11, (12, 15), 13, 14, 16);   175 X  4.295  4.458 -0.000015
S=1:114/120  T= 114  (1, 2, 3, 4, 5, 6, 7, 8, 9, 10, 11, (12, 16), 13, 14, 15);   200 X  4.292  4.428 -0.003374
S=1:115/120  T= 115  (1, 2, 3, 4, 5, 6, 7, 8, 9, 10, 11, 12, (13, 14), 15, 16);   189 X  4.295  4.460 -0.000042
S=1:116/120  T= 116  (1, 2, 3, 4, 5, 6, 7, 8, 9, 10, 11, 12, (13, 15), 14, 16);   195 X  4.355  4.430 +24.860919
S=1:117/120  T= 117  (1, 2, 3, 4, 5, 6, 7, 8, 9, 10, 11, 12, (13, 16), 14, 15);   173 X  4.299  4.461 +0.341900
S=1:118/120  T= 118  (1, 2, 3, 4, 5, 6, 7, 8, 9, 10, 11, 12, 13, (14, 15), 16);   262 X  4.294  4.463 -0.002605
S=1:119/120  T= 119  (1, 2, 3, 4, 5, 6, 7, 8, 9, 10, 11, 12, 13, (14, 16), 15);   167 X  4.281  4.324 -0.080151
S=1:120/120  T= 120  (1, 2, 3, 4, 5, 6, 7, 8, 9, 10, 11, 12, 13, 14, (15, 16));   183 X  4.296  4.461 -0.000072

stage 2:   105 trees, ntime:  3  np:  5
star tree: (1, 2, 3, 4, 5, 6, 7, (8, 14), 9, 10, 11, 12, 13, 15, 16);  lnL:-17617.308552

S=2:  1/105  T= 121  ((1, 2), 3, 4, 5, 6, 7, (8, 14), 9, 10, 11, 12, 13, 15, 16);   437 X  4.303  4.251 +0.604785
S=2:  2/105  T= 122  ((1, 3), 2, 4, 5, 6, 7, (8, 14), 9, 10, 11, 12, 13, 15, 16);   309 X  4.315  4.256 -0.000045
S=2:  3/105  T= 123  ((1, 4), 2, 3, 5, 6, 7, (8, 14), 9, 10, 11, 12, 13, 15, 16);   247 X  4.314  4.256 -0.000020
S=2:  4/105  T= 124  ((1, 5), 2, 3, 4, 6, 7, (8, 14), 9, 10, 11, 12, 13, 15, 16);   248 X  4.321  4.256 +0.025705
S=2:  5/105  T= 125  ((1, 6), 2, 3, 4, 5, 7, (8, 14), 9, 10, 11, 12, 13, 15, 16);   363 X  4.315  4.256 -0.000025
S=2:  6/105  T= 126  ((1, 7), 2, 3, 4, 5, 6, (8, 14), 9, 10, 11, 12, 13, 15, 16);   314 X  4.315  4.256 -0.000026
S=2:  7/105  T= 127  ((1, (8, 14)), 2, 3, 4, 5, 6, 7, 9, 10, 11, 12, 13, 15, 16);   256 X  4.315  4.256 -0.000010
S=2:  8/105  T= 128  ((1, 9), 2, 3, 4, 5, 6, 7, (8, 14), 10, 11, 12, 13, 15, 16);   204 X  4.315  4.256 -0.000012
S=2:  9/105  T= 129  ((1, 10), 2, 3, 4, 5, 6, 7, (8, 14), 9, 11, 12, 13, 15, 16);   398 X  4.315  4.256 -0.000010
S=2: 10/105  T= 130  ((1, 11), 2, 3, 4, 5, 6, 7, (8, 14), 9, 10, 12, 13, 15, 16);   316 X  4.312  4.256 +0.184851
S=2: 11/105  T= 131  ((1, 12), 2, 3, 4, 5, 6, 7, (8, 14), 9, 10, 11, 13, 15, 16);   193 X  4.315  4.256 -0.000016
S=2: 12/105  T= 132  ((1, 13), 2, 3, 4, 5, 6, 7, (8, 14), 9, 10, 11, 12, 15, 16);   198 X  4.315  4.257 -0.000031
S=2: 13/105  T= 133  ((1, 15), 2, 3, 4, 5, 6, 7, (8, 14), 9, 10, 11, 12, 13, 16);   359 X  4.315  4.257 -0.000008
S=2: 14/105  T= 134  ((1, 16), 2, 3, 4, 5, 6, 7, (8, 14), 9, 10, 11, 12, 13, 15);   244 X  4.315  4.256 -0.000006
S=2: 15/105  T= 135  (1, (2, 3), 4, 5, 6, 7, (8, 14), 9, 10, 11, 12, 13, 15, 16);   197 X  4.315  4.256 -0.000029
S=2: 16/105  T= 136  (1, (2, 4), 3, 5, 6, 7, (8, 14), 9, 10, 11, 12, 13, 15, 16);   267 X  4.315  4.256 -0.000046
S=2: 17/105  T= 137  (1, (2, 5), 3, 4, 6, 7, (8, 14), 9, 10, 11, 12, 13, 15, 16);   280 X  4.315  4.256 -0.000012
S=2: 18/105  T= 138  (1, (2, 6), 3, 4, 5, 7, (8, 14), 9, 10, 11, 12, 13, 15, 16);   236 X  4.315  4.256 -0.000024
S=2: 19/105  T= 139  (1, (2, 7), 3, 4, 5, 6, (8, 14), 9, 10, 11, 12, 13, 15, 16);   225 X  4.315  4.256 -0.000036
S=2: 20/105  T= 140  (1, (2, (8, 14)), 3, 4, 5, 6, 7, 9, 10, 11, 12, 13, 15, 16);   248 X  4.314  4.257 -0.000041
S=2: 21/105  T= 141  (1, (2, 9), 3, 4, 5, 6, 7, (8, 14), 10, 11, 12, 13, 15, 16);   409 X  4.315  4.256 -0.000030
S=2: 22/105  T= 142  (1, (2, 10), 3, 4, 5, 6, 7, (8, 14), 9, 11, 12, 13, 15, 16);   277 X  4.345  4.194 +40.207545
S=2: 23/105  T= 143  (1, (2, 11), 3, 4, 5, 6, 7, (8, 14), 9, 10, 12, 13, 15, 16);   305 X  4.537  4.139 +168.863157
S=2: 24/105  T= 144  (1, (2, 12), 3, 4, 5, 6, 7, (8, 14), 9, 10, 11, 13, 15, 16);   242 X  4.315  4.257 -0.000015
S=2: 25/105  T= 145  (1, (2, 13), 3, 4, 5, 6, 7, (8, 14), 9, 10, 11, 12, 15, 16);   254 X  4.314  4.256 -0.000022
S=2: 26/105  T= 146  (1, (2, 15), 3, 4, 5, 6, 7, (8, 14), 9, 10, 11, 12, 13, 16);   240 X  4.315  4.257 -0.000014
S=2: 27/105  T= 147  (1, (2, 16), 3, 4, 5, 6, 7, (8, 14), 9, 10, 11, 12, 13, 15);   203 X  4.315  4.256 -0.000031
S=2: 28/105  T= 148  (1, 2, (3, 4), 5, 6, 7, (8, 14), 9, 10, 11, 12, 13, 15, 16);   281 X  4.312  4.261 -0.004514
S=2: 29/105  T= 149  (1, 2, (3, 5), 4, 6, 7, (8, 14), 9, 10, 11, 12, 13, 15, 16);   267 X  4.304  4.266 +0.514766
S=2: 30/105  T= 150  (1, 2, (3, 6), 4, 5, 7, (8, 14), 9, 10, 11, 12, 13, 15, 16);   297 X  4.322  4.243 -0.003955
S=2: 31/105  T= 151  (1, 2, (3, 7), 4, 5, 6, (8, 14), 9, 10, 11, 12, 13, 15, 16);   291 X  4.317  4.253 -0.002776
S=2: 32/105  T= 152  (1, 2, (3, (8, 14)), 4, 5, 6, 7, 9, 10, 11, 12, 13, 15, 16);   316 X  4.315  4.256 -0.000003
S=2: 33/105  T= 153  (1, 2, (3, 9), 4, 5, 6, 7, (8, 14), 10, 11, 12, 13, 15, 16);   344 X  4.312  4.265 -0.000329
S=2: 34/105  T= 154  (1, 2, (3, 10), 4, 5, 6, 7, (8, 14), 9, 11, 12, 13, 15, 16);   230 X  4.315  4.257 -0.000023
S=2: 35/105  T= 155  (1, 2, (3, 11), 4, 5, 6, 7, (8, 14), 9, 10, 12, 13, 15, 16);   232 X  4.315  4.257 -0.000018
S=2: 36/105  T= 156  (1, 2, (3, 12), 4, 5, 6, 7, (8, 14), 9, 10, 11, 13, 15, 16);   233 X  4.315  4.256 -0.000029
S=2: 37/105  T= 157  (1, 2, (3, 13), 4, 5, 6, 7, (8, 14), 9, 10, 11, 12, 15, 16);   258 X  4.442  4.177 +34.763162
S=2: 38/105  T= 158  (1, 2, (3, 15), 4, 5, 6, 7, (8, 14), 9, 10, 11, 12, 13, 16);   317 X  4.343  4.263 +15.122957
S=2: 39/105  T= 159  (1, 2, (3, 16), 4, 5, 6, 7, (8, 14), 9, 10, 11, 12, 13, 15);   327 X  4.273  4.255 +1.842118
S=2: 40/105  T= 160  (1, 2, 3, (4, 5), 6, 7, (8, 14), 9, 10, 11, 12, 13, 15, 16);   290 X  4.314  4.256 -0.000891
S=2: 41/105  T= 161  (1, 2, 3, (4, 6), 5, 7, (8, 14), 9, 10, 11, 12, 13, 15, 16);   314 X  4.253  4.139 +149.234274
S=2: 42/105  T= 162  (1, 2, 3, (4, 7), 5, 6, (8, 14), 9, 10, 11, 12, 13, 15, 16);   267 X  4.395  4.155 +99.444247
S=2: 43/105  T= 163  (1, 2, 3, (4, (8, 14)), 5, 6, 7, 9, 10, 11, 12, 13, 15, 16);   280 X  4.310  4.260 -0.000238
S=2: 44/105  T= 164  (1, 2, 3, (4, 9), 5, 6, 7, (8, 14), 10, 11, 12, 13, 15, 16);   398 X  4.285  4.219 +3.534852
S=2: 45/105  T= 165  (1, 2, 3, (4, 10), 5, 6, 7, (8, 14), 9, 11, 12, 13, 15, 16);   355 X  4.315  4.256 -0.000041
S=2: 46/105  T= 166  (1, 2, 3, (4, 11), 5, 6, 7, (8, 14), 9, 10, 12, 13, 15, 16);   211 X  4.315  4.256 -0.000037
S=2: 47/105  T= 167  (1, 2, 3, (4, 12), 5, 6, 7, (8, 14), 9, 10, 11, 13, 15, 16);   276 X  4.166  4.168 -0.124016
S=2: 48/105  T= 168  (1, 2, 3, (4, 13), 5, 6, 7, (8, 14), 9, 10, 11, 12, 15, 16);   481 X  4.308  4.261 -0.000519
S=2: 49/105  T= 169  (1, 2, 3, (4, 15), 5, 6, 7, (8, 14), 9, 10, 11, 12, 13, 16);   235 X  4.504  4.320 -1.161782
S=2: 50/105  T= 170  (1, 2, 3, (4, 16), 5, 6, 7, (8, 14), 9, 10, 11, 12, 13, 15);   269 X  4.289  4.285 +5.278985
S=2: 51/105  T= 171  (1, 2, 3, 4, (5, 6), 7, (8, 14), 9, 10, 11, 12, 13, 15, 16);   336 X  4.314  4.256 -0.000025
S=2: 52/105  T= 172  (1, 2, 3, 4, (5, 7), 6, (8, 14), 9, 10, 11, 12, 13, 15, 16);   284 X  4.315  4.256 -0.000017
S=2: 53/105  T= 173  (1, 2, 3, 4, (5, (8, 14)), 6, 7, 9, 10, 11, 12, 13, 15, 16);   257 X  4.299  4.220 +1.576004
S=2: 54/105  T= 174  (1, 2, 3, 4, (5, 9), 6, 7, (8, 14), 10, 11, 12, 13, 15, 16);   252 X  4.315  4.253 +0.021035
S=2: 55/105  T= 175  (1, 2, 3, 4, (5, 10), 6, 7, (8, 14), 9, 11, 12, 13, 15, 16);   309 X  4.299  4.263 +0.676649
S=2: 56/105  T= 176  (1, 2, 3, 4, (5, 11), 6, 7, (8, 14), 9, 10, 12, 13, 15, 16);   275 X  4.314  4.257 -0.000005
S=2: 57/105  T= 177  (1, 2, 3, 4, (5, 12), 6, 7, (8, 14), 9, 10, 11, 13, 15, 16);   261 X  4.317  4.250 +0.040942
S=2: 58/105  T= 178  (1, 2, 3, 4, (5, 13), 6, 7, (8, 14), 9, 10, 11, 12, 15, 16);   210 X  4.315  4.256 -0.000012
S=2: 59/105  T= 179  (1, 2, 3, 4, (5, 15), 6, 7, (8, 14), 9, 10, 11, 12, 13, 16);   248 X  4.344  4.251 +0.998989
S=2: 60/105  T= 180  (1, 2, 3, 4, (5, 16), 6, 7, (8, 14), 9, 10, 11, 12, 13, 15);   324 X  4.302  4.263 +0.359888
S=2: 61/105  T= 181  (1, 2, 3, 4, 5, (6, 7), (8, 14), 9, 10, 11, 12, 13, 15, 16);   294 X  4.494  4.265 +97.822739
S=2: 62/105  T= 182  (1, 2, 3, 4, 5, (6, (8, 14)), 7, 9, 10, 11, 12, 13, 15, 16);   358 X  4.282  4.256 -0.005490
S=2: 63/105  T= 183  (1, 2, 3, 4, 5, (6, 9), 7, (8, 14), 10, 11, 12, 13, 15, 16);   295 X  4.319  4.200 +2.842739
S=2: 64/105  T= 184  (1, 2, 3, 4, 5, (6, 10), 7, (8, 14), 9, 11, 12, 13, 15, 16);   238 X  4.315  4.256 -0.000031
S=2: 65/105  T= 185  (1, 2, 3, 4, 5, (6, 11), 7, (8, 14), 9, 10, 12, 13, 15, 16);   190 X  4.315  4.256 -0.000036
S=2: 66/105  T= 186  (1, 2, 3, 4, 5, (6, 12), 7, (8, 14), 9, 10, 11, 13, 15, 16);   322 X  4.319  4.262 -0.001103
S=2: 67/105  T= 187  (1, 2, 3, 4, 5, (6, 13), 7, (8, 14), 9, 10, 11, 12, 15, 16);   249 X  4.316  4.216 +0.725541
S=2: 68/105  T= 188  (1, 2, 3, 4, 5, (6, 15), 7, (8, 14), 9, 10, 11, 12, 13, 16);   234 X  4.313  4.258 -0.000038
S=2: 69/105  T= 189  (1, 2, 3, 4, 5, (6, 16), 7, (8, 14), 9, 10, 11, 12, 13, 15);   447 X  4.302  4.236 +1.094815
S=2: 70/105  T= 190  (1, 2, 3, 4, 5, 6, (7, (8, 14)), 9, 10, 11, 12, 13, 15, 16);   378 X  4.282  4.236 -0.005726
S=2: 71/105  T= 191  (1, 2, 3, 4, 5, 6, (7, 9), (8, 14), 10, 11, 12, 13, 15, 16);   237 X  4.265  4.244 +3.298531
S=2: 72/105  T= 192  (1, 2, 3, 4, 5, 6, (7, 10), (8, 14), 9, 11, 12, 13, 15, 16);   261 X  4.315  4.256 -0.000031
S=2: 73/105  T= 193  (1, 2, 3, 4, 5, 6, (7, 11), (8, 14), 9, 10, 12, 13, 15, 16);   227 X  4.315  4.256 -0.000032
S=2: 74/105  T= 194  (1, 2, 3, 4, 5, 6, (7, 12), (8, 14), 9, 10, 11, 13, 15, 16);   285 X  4.317  4.253 +0.036267
S=2: 75/105  T= 195  (1, 2, 3, 4, 5, 6, (7, 13), (8, 14), 9, 10, 11, 12, 15, 16);   296 X  4.310  4.250 +0.108507
S=2: 76/105  T= 196  (1, 2, 3, 4, 5, 6, (7, 15), (8, 14), 9, 10, 11, 12, 13, 16);   267 X  4.318  4.275 -0.002891
S=2: 77/105  T= 197  (1, 2, 3, 4, 5, 6, (7, 16), (8, 14), 9, 10, 11, 12, 13, 15);   213 X  4.254  4.231 +6.300756
S=2: 78/105  T= 198  (1, 2, 3, 4, 5, 6, 7, ((8, 14), 9), 10, 11, 12, 13, 15, 16);   447 X  4.314  4.257 -0.000915
S=2: 79/105  T= 199  (1, 2, 3, 4, 5, 6, 7, ((8, 14), 10), 9, 11, 12, 13, 15, 16);   269 X  4.319  4.259 +0.495405
S=2: 80/105  T= 200  (1, 2, 3, 4, 5, 6, 7, ((8, 14), 11), 9, 10, 12, 13, 15, 16);   302 X  4.315  4.256 -0.000026
S=2: 81/105  T= 201  (1, 2, 3, 4, 5, 6, 7, ((8, 14), 12), 9, 10, 11, 13, 15, 16);   260 X  4.027  4.142 +158.397191
S=2: 82/105  T= 202  (1, 2, 3, 4, 5, 6, 7, ((8, 14), 13), 9, 10, 11, 12, 15, 16);   177 X  4.315  4.257 -0.000012
S=2: 83/105  T= 203  (1, 2, 3, 4, 5, 6, 7, ((8, 14), 15), 9, 10, 11, 12, 13, 16);   389 X  4.317  4.257 +0.029314
S=2: 84/105  T= 204  (1, 2, 3, 4, 5, 6, 7, ((8, 14), 16), 9, 10, 11, 12, 13, 15);   318 X  4.312  4.254 -0.000144
S=2: 85/105  T= 205  (1, 2, 3, 4, 5, 6, 7, (8, 14), (9, 10), 11, 12, 13, 15, 16);   278 X  4.315  4.257 -0.000012
S=2: 86/105  T= 206  (1, 2, 3, 4, 5, 6, 7, (8, 14), (9, 11), 10, 12, 13, 15, 16);   194 X  4.315  4.257 -0.000021
S=2: 87/105  T= 207  (1, 2, 3, 4, 5, 6, 7, (8, 14), (9, 12), 10, 11, 13, 15, 16);   428 X  4.315  4.256 -0.000512
S=2: 88/105  T= 208  (1, 2, 3, 4, 5, 6, 7, (8, 14), (9, 13), 10, 11, 12, 15, 16);   431 X  4.311  4.249 +0.211205
S=2: 89/105  T= 209  (1, 2, 3, 4, 5, 6, 7, (8, 14), (9, 15), 10, 11, 12, 13, 16);   235 X  4.322  4.252 -0.000438
S=2: 90/105  T= 210  (1, 2, 3, 4, 5, 6, 7, (8, 14), (9, 16), 10, 11, 12, 13, 15);   439 X  4.285  4.191 +15.142844
S=2: 91/105  T= 211  (1, 2, 3, 4, 5, 6, 7, (8, 14), 9, (10, 11), 12, 13, 15, 16);   271 X  4.339  4.168 +34.186656
S=2: 92/105  T= 212  (1, 2, 3, 4, 5, 6, 7, (8, 14), 9, (10, 12), 11, 13, 15, 16);   229 X  4.319  4.252 +0.085891
S=2: 93/105  T= 213  (1, 2, 3, 4, 5, 6, 7, (8, 14), 9, (10, 13), 11, 12, 15, 16);   222 X  4.312  4.257 +0.003576
S=2: 94/105  T= 214  (1, 2, 3, 4, 5, 6, 7, (8, 14), 9, (10, 15), 11, 12, 13, 16);   181 X  4.314  4.256 -0.000029
S=2: 95/105  T= 215  (1, 2, 3, 4, 5, 6, 7, (8, 14), 9, (10, 16), 11, 12, 13, 15);   339 X  4.310  4.243 +0.201676
S=2: 96/105  T= 216  (1, 2, 3, 4, 5, 6, 7, (8, 14), 9, 10, (11, 12), 13, 15, 16);   290 X  4.315  4.256 -0.000019
S=2: 97/105  T= 217  (1, 2, 3, 4, 5, 6, 7, (8, 14), 9, 10, (11, 13), 12, 15, 16);   193 X  4.314  4.257 -0.000040
S=2: 98/105  T= 218  (1, 2, 3, 4, 5, 6, 7, (8, 14), 9, 10, (11, 15), 12, 13, 16);   358 X  4.314  4.257 -0.000042
S=2: 99/105  T= 219  (1, 2, 3, 4, 5, 6, 7, (8, 14), 9, 10, (11, 16), 12, 13, 15);   233 X  4.314  4.257 -0.000008
S=2:100/105  T= 220  (1, 2, 3, 4, 5, 6, 7, (8, 14), 9, 10, 11, (12, 13), 15, 16);   240 X  4.315  4.257 -0.000019
S=2:101/105  T= 221  (1, 2, 3, 4, 5, 6, 7, (8, 14), 9, 10, 11, (12, 15), 13, 16);   301 X  4.315  4.257 -0.000013
S=2:102/105  T= 222  (1, 2, 3, 4, 5, 6, 7, (8, 14), 9, 10, 11, (12, 16), 13, 15);   238 X  4.327  4.230 -0.008102
S=2:103/105  T= 223  (1, 2, 3, 4, 5, 6, 7, (8, 14), 9, 10, 11, 12, (13, 15), 16);   345 X  4.341  4.220 +25.110981
S=2:104/105  T= 224  (1, 2, 3, 4, 5, 6, 7, (8, 14), 9, 10, 11, 12, (13, 16), 15);   286 X  4.320  4.256 +0.323815
S=2:105/105  T= 225  (1, 2, 3, 4, 5, 6, 7, (8, 14), 9, 10, 11, 12, 13, (15, 16));   272 X  4.300  4.242 -0.002350

stage 3:    91 trees, ntime:  4  np:  6
star tree: (1, (2, 11), 3, 4, 5, 6, 7, (8, 14), 9, 10, 12, 13, 15, 16);  lnL:-17448.445395

S=3:  1/91  T= 226  ((1, (2, 11)), 3, 4, 5, 6, 7, (8, 14), 9, 10, 12, 13, 15, 16);   268 X  4.525  4.153 +1.610971
S=3:  2/91  T= 227  ((1, 3), (2, 11), 4, 5, 6, 7, (8, 14), 9, 10, 12, 13, 15, 16);   215 X  4.537  4.139 -0.000047
S=3:  3/91  T= 228  ((1, 4), (2, 11), 3, 5, 6, 7, (8, 14), 9, 10, 12, 13, 15, 16);   369 X  4.537  4.139 -0.000022
S=3:  4/91  T= 229  ((1, 5), (2, 11), 3, 4, 6, 7, (8, 14), 9, 10, 12, 13, 15, 16);   514 X  4.543  4.141 +0.043186
S=3:  5/91  T= 230  ((1, 6), (2, 11), 3, 4, 5, 7, (8, 14), 9, 10, 12, 13, 15, 16);   285 X  4.538  4.139 -0.000030
S=3:  6/91  T= 231  ((1, 7), (2, 11), 3, 4, 5, 6, (8, 14), 9, 10, 12, 13, 15, 16);   340 X  4.537  4.139 -0.000029
S=3:  7/91  T= 232  ((1, (8, 14)), (2, 11), 3, 4, 5, 6, 7, 9, 10, 12, 13, 15, 16);   362 X  4.537  4.139 -0.000007
S=3:  8/91  T= 233  ((1, 9), (2, 11), 3, 4, 5, 6, 7, (8, 14), 10, 12, 13, 15, 16);   343 X  4.538  4.139 -0.000015
S=3:  9/91  T= 234  ((1, 10), (2, 11), 3, 4, 5, 6, 7, (8, 14), 9, 12, 13, 15, 16);   325 X  4.544  4.159 +0.208913
S=3: 10/91  T= 235  ((1, 12), (2, 11), 3, 4, 5, 6, 7, (8, 14), 9, 10, 13, 15, 16);   338 X  4.537  4.139 -0.000015
S=3: 11/91  T= 236  ((1, 13), (2, 11), 3, 4, 5, 6, 7, (8, 14), 9, 10, 12, 15, 16);   251 X  4.537  4.139 -0.000035
S=3: 12/91  T= 237  ((1, 15), (2, 11), 3, 4, 5, 6, 7, (8, 14), 9, 10, 12, 13, 16);   265 X  4.537  4.139 -0.000012
S=3: 13/91  T= 238  ((1, 16), (2, 11), 3, 4, 5, 6, 7, (8, 14), 9, 10, 12, 13, 15);   222 X  4.537  4.139 -0.000012
S=3: 14/91  T= 239  (1, ((2, 11), 3), 4, 5, 6, 7, (8, 14), 9, 10, 12, 13, 15, 16);   322 X  4.538  4.139 -0.000017
S=3: 15/91  T= 240  (1, ((2, 11), 4), 3, 5, 6, 7, (8, 14), 9, 10, 12, 13, 15, 16);   283 X  4.537  4.139 -0.000047
S=3: 16/91  T= 241  (1, ((2, 11), 5), 3, 4, 6, 7, (8, 14), 9, 10, 12, 13, 15, 16);   373 X  4.536  4.139 +0.004224
S=3: 17/91  T= 242  (1, ((2, 11), 6), 3, 4, 5, 7, (8, 14), 9, 10, 12, 13, 15, 16);   374 X  4.537  4.139 -0.000044
S=3: 18/91  T= 243  (1, ((2, 11), 7), 3, 4, 5, 6, (8, 14), 9, 10, 12, 13, 15, 16);   334 X  4.538  4.139 -0.000031
S=3: 19/91  T= 244  (1, ((2, 11), (8, 14)), 3, 4, 5, 6, 7, 9, 10, 12, 13, 15, 16);   319 X  4.537  4.139 -0.000037
S=3: 20/91  T= 245  (1, ((2, 11), 9), 3, 4, 5, 6, 7, (8, 14), 10, 12, 13, 15, 16);   439 X  4.537  4.139 -0.000019
S=3: 21/91  T= 246  (1, ((2, 11), 10), 3, 4, 5, 6, 7, (8, 14), 9, 12, 13, 15, 16);   401 X  4.497  4.136 +59.501808
S=3: 22/91  T= 247  (1, ((2, 11), 12), 3, 4, 5, 6, 7, (8, 14), 9, 10, 13, 15, 16);   365 X  4.541  4.137 +0.130460
S=3: 23/91  T= 248  (1, ((2, 11), 13), 3, 4, 5, 6, 7, (8, 14), 9, 10, 12, 15, 16);   283 X  4.537  4.139 -0.000041
S=3: 24/91  T= 249  (1, ((2, 11), 15), 3, 4, 5, 6, 7, (8, 14), 9, 10, 12, 13, 16);   293 X  4.537  4.139 -0.000026
S=3: 25/91  T= 250  (1, ((2, 11), 16), 3, 4, 5, 6, 7, (8, 14), 9, 10, 12, 13, 15);   346 X  4.537  4.139 -0.000025
S=3: 26/91  T= 251  (1, (2, 11), (3, 4), 5, 6, 7, (8, 14), 9, 10, 12, 13, 15, 16);   425 X  4.535  4.139 -0.004775
S=3: 27/91  T= 252  (1, (2, 11), (3, 5), 4, 6, 7, (8, 14), 9, 10, 12, 13, 15, 16);   416 X  4.529  4.146 +0.375843
S=3: 28/91  T= 253  (1, (2, 11), (3, 6), 4, 5, 7, (8, 14), 9, 10, 12, 13, 15, 16);   300 X  4.524  4.097 -0.009945
S=3: 29/91  T= 254  (1, (2, 11), (3, 7), 4, 5, 6, (8, 14), 9, 10, 12, 13, 15, 16);   291 X  4.530  4.124 -0.003999
S=3: 30/91  T= 255  (1, (2, 11), (3, (8, 14)), 4, 5, 6, 7, 9, 10, 12, 13, 15, 16);   361 X  4.537  4.139 -0.000010
S=3: 31/91  T= 256  (1, (2, 11), (3, 9), 4, 5, 6, 7, (8, 14), 10, 12, 13, 15, 16);   343 X  4.774  4.212 -0.470862
S=3: 32/91  T= 257  (1, (2, 11), (3, 10), 4, 5, 6, 7, (8, 14), 9, 12, 13, 15, 16);   226 X  4.537  4.139 -0.000030
S=3: 33/91  T= 258  (1, (2, 11), (3, 12), 4, 5, 6, 7, (8, 14), 9, 10, 13, 15, 16);   480 X  4.537  4.139 -0.000030
S=3: 34/91  T= 259  (1, (2, 11), (3, 13), 4, 5, 6, 7, (8, 14), 9, 10, 12, 15, 16);   350 X  4.671  4.105 +35.360322
S=3: 35/91  T= 260  (1, (2, 11), (3, 15), 4, 5, 6, 7, (8, 14), 9, 10, 12, 13, 16);   352 X  4.559  4.158 +12.441137
S=3: 36/91  T= 261  (1, (2, 11), (3, 16), 4, 5, 6, 7, (8, 14), 9, 10, 12, 13, 15);   335 X  4.509  4.134 +1.420094
S=3: 37/91  T= 262  (1, (2, 11), 3, (4, 5), 6, 7, (8, 14), 9, 10, 12, 13, 15, 16);   281 X  4.537  4.139 -0.000020
S=3: 38/91  T= 263  (1, (2, 11), 3, (4, 6), 5, 7, (8, 14), 9, 10, 12, 13, 15, 16);   322 X  4.511  4.059 +146.496630
S=3: 39/91  T= 264  (1, (2, 11), 3, (4, 7), 5, 6, (8, 14), 9, 10, 12, 13, 15, 16);   455 X  4.614  4.025 +96.013517
S=3: 40/91  T= 265  (1, (2, 11), 3, (4, (8, 14)), 5, 6, 7, 9, 10, 12, 13, 15, 16);   391 X  4.547  4.138 -0.013760
S=3: 41/91  T= 266  (1, (2, 11), 3, (4, 9), 5, 6, 7, (8, 14), 10, 12, 13, 15, 16);   315 X  4.515  4.118 +2.904857
S=3: 42/91  T= 267  (1, (2, 11), 3, (4, 10), 5, 6, 7, (8, 14), 9, 12, 13, 15, 16);   261 X  4.537  4.139 -0.000046
S=3: 43/91  T= 268  (1, (2, 11), 3, (4, 12), 5, 6, 7, (8, 14), 9, 10, 13, 15, 16);   494 X  4.521  4.134 -0.004155
S=3: 44/91  T= 269  (1, (2, 11), 3, (4, 13), 5, 6, 7, (8, 14), 9, 10, 12, 15, 16);   539 X  4.530  4.132 -0.005290
S=3: 45/91  T= 270  (1, (2, 11), 3, (4, 15), 5, 6, 7, (8, 14), 9, 10, 12, 13, 16);   331 X  4.534  4.147 -0.000820
S=3: 46/91  T= 271  (1, (2, 11), 3, (4, 16), 5, 6, 7, (8, 14), 9, 10, 12, 13, 15);   264 X  4.523  4.172 +4.225307
S=3: 47/91  T= 272  (1, (2, 11), 3, 4, (5, 6), 7, (8, 14), 9, 10, 12, 13, 15, 16);   590 X  4.537  4.139 -0.000028
S=3: 48/91  T= 273  (1, (2, 11), 3, 4, (5, 7), 6, (8, 14), 9, 10, 12, 13, 15, 16);   319 X  4.538  4.139 -0.000018
S=3: 49/91  T= 274  (1, (2, 11), 3, 4, (5, (8, 14)), 6, 7, 9, 10, 12, 13, 15, 16);   323 X  4.523  4.111 +1.397827
S=3: 50/91  T= 275  (1, (2, 11), 3, 4, (5, 9), 6, 7, (8, 14), 10, 12, 13, 15, 16);   303 X  4.544  4.132 +0.083038
S=3: 51/91  T= 276  (1, (2, 11), 3, 4, (5, 10), 6, 7, (8, 14), 9, 12, 13, 15, 16);   312 X  4.517  4.150 +0.823034
S=3: 52/91  T= 277  (1, (2, 11), 3, 4, (5, 12), 6, 7, (8, 14), 9, 10, 13, 15, 16);   435 X  4.540  4.134 +0.099624
S=3: 53/91  T= 278  (1, (2, 11), 3, 4, (5, 13), 6, 7, (8, 14), 9, 10, 12, 15, 16);   323 X  4.537  4.139 -0.000012
S=3: 54/91  T= 279  (1, (2, 11), 3, 4, (5, 15), 6, 7, (8, 14), 9, 10, 12, 13, 16);   428 X  4.565  4.135 +0.518102
S=3: 55/91  T= 280  (1, (2, 11), 3, 4, (5, 16), 6, 7, (8, 14), 9, 10, 12, 13, 15);   343 X  4.531  4.142 +0.120534
S=3: 56/91  T= 281  (1, (2, 11), 3, 4, 5, (6, 7), (8, 14), 9, 10, 12, 13, 15, 16);   332 X  4.752  4.181 +94.382992
S=3: 57/91  T= 282  (1, (2, 11), 3, 4, 5, (6, (8, 14)), 7, 9, 10, 12, 13, 15, 16);   399 X  4.540  4.135 -0.025341
S=3: 58/91  T= 283  (1, (2, 11), 3, 4, 5, (6, 9), 7, (8, 14), 10, 12, 13, 15, 16);   388 X  4.536  4.099 +2.186336
S=3: 59/91  T= 284  (1, (2, 11), 3, 4, 5, (6, 10), 7, (8, 14), 9, 12, 13, 15, 16);   320 X  4.538  4.139 -0.000037
S=3: 60/91  T= 285  (1, (2, 11), 3, 4, 5, (6, 12), 7, (8, 14), 9, 10, 13, 15, 16);   407 X  4.536  4.138 -0.003397
S=3: 61/91  T= 286  (1, (2, 11), 3, 4, 5, (6, 13), 7, (8, 14), 9, 10, 12, 15, 16);   356 X  4.536  4.116 +0.244856
S=3: 62/91  T= 287  (1, (2, 11), 3, 4, 5, (6, 15), 7, (8, 14), 9, 10, 12, 13, 16);   439 X  4.541  4.143 -0.002555
S=3: 63/91  T= 288  (1, (2, 11), 3, 4, 5, (6, 16), 7, (8, 14), 9, 10, 12, 13, 15);   322 X  4.534  4.128 +0.957876
S=3: 64/91  T= 289  (1, (2, 11), 3, 4, 5, 6, (7, (8, 14)), 9, 10, 12, 13, 15, 16);   386 X  4.538  4.141 -0.000863
S=3: 65/91  T= 290  (1, (2, 11), 3, 4, 5, 6, (7, 9), (8, 14), 10, 12, 13, 15, 16);   378 X  4.503  4.135 +2.966411
S=3: 66/91  T= 291  (1, (2, 11), 3, 4, 5, 6, (7, 10), (8, 14), 9, 12, 13, 15, 16);   278 X  4.537  4.139 -0.000034
S=3: 67/91  T= 292  (1, (2, 11), 3, 4, 5, 6, (7, 12), (8, 14), 9, 10, 13, 15, 16);   333 X  4.543  4.143 -0.000168
S=3: 68/91  T= 293  (1, (2, 11), 3, 4, 5, 6, (7, 13), (8, 14), 9, 10, 12, 15, 16);   351 X  4.537  4.138 +0.002280
S=3: 69/91  T= 294  (1, (2, 11), 3, 4, 5, 6, (7, 15), (8, 14), 9, 10, 12, 13, 16);   370 X  4.525  4.164 -0.008165
S=3: 70/91  T= 295  (1, (2, 11), 3, 4, 5, 6, (7, 16), (8, 14), 9, 10, 12, 13, 15);   466 X  4.471  4.124 +5.292720
S=3: 71/91  T= 296  (1, (2, 11), 3, 4, 5, 6, 7, ((8, 14), 9), 10, 12, 13, 15, 16);   431 X  4.538  4.139 -0.003260
S=3: 72/91  T= 297  (1, (2, 11), 3, 4, 5, 6, 7, ((8, 14), 10), 9, 12, 13, 15, 16);   352 X  4.541  4.143 +0.753984
S=3: 73/91  T= 298  (1, (2, 11), 3, 4, 5, 6, 7, ((8, 14), 12), 9, 10, 13, 15, 16);   454 X  4.276  4.123 +159.677979
S=3: 74/91  T= 299  (1, (2, 11), 3, 4, 5, 6, 7, ((8, 14), 13), 9, 10, 12, 15, 16);   459 X  4.537  4.139 -0.000015
S=3: 75/91  T= 300  (1, (2, 11), 3, 4, 5, 6, 7, ((8, 14), 15), 9, 10, 12, 13, 16);   478 X  4.539  4.139 +0.008154
S=3: 76/91  T= 301  (1, (2, 11), 3, 4, 5, 6, 7, ((8, 14), 16), 9, 10, 12, 13, 15);   417 X  4.539  4.141 -0.000970
S=3: 77/91  T= 302  (1, (2, 11), 3, 4, 5, 6, 7, (8, 14), (9, 10), 12, 13, 15, 16);   400 X  4.537  4.139 -0.000011
S=3: 78/91  T= 303  (1, (2, 11), 3, 4, 5, 6, 7, (8, 14), (9, 12), 10, 13, 15, 16);   345 X  4.537  4.139 -0.000004
S=3: 79/91  T= 304  (1, (2, 11), 3, 4, 5, 6, 7, (8, 14), (9, 13), 10, 12, 15, 16);   305 X  4.537  4.134 +0.166669
S=3: 80/91  T= 305  (1, (2, 11), 3, 4, 5, 6, 7, (8, 14), (9, 15), 10, 12, 13, 16);   364 X  4.537  4.139 -0.000015
S=3: 81/91  T= 306  (1, (2, 11), 3, 4, 5, 6, 7, (8, 14), (9, 16), 10, 12, 13, 15);   380 X  4.508  4.090 +14.954359
S=3: 82/91  T= 307  (1, (2, 11), 3, 4, 5, 6, 7, (8, 14), 9, (10, 12), 13, 15, 16);   363 X  4.542  4.135 +0.731394
S=3: 83/91  T= 308  (1, (2, 11), 3, 4, 5, 6, 7, (8, 14), 9, (10, 13), 12, 15, 16);   299 X  4.537  4.139 -0.000003
S=3: 84/91  T= 309  (1, (2, 11), 3, 4, 5, 6, 7, (8, 14), 9, (10, 15), 12, 13, 16);   516 X  4.537  4.139 -0.000034
S=3: 85/91  T= 310  (1, (2, 11), 3, 4, 5, 6, 7, (8, 14), 9, (10, 16), 12, 13, 15);   336 X  4.535  4.129 +0.068934
S=3: 86/91  T= 311  (1, (2, 11), 3, 4, 5, 6, 7, (8, 14), 9, 10, (12, 13), 15, 16);   298 X  4.537  4.139 -0.000018
S=3: 87/91  T= 312  (1, (2, 11), 3, 4, 5, 6, 7, (8, 14), 9, 10, (12, 15), 13, 16);   284 X  4.537  4.139 -0.000013
S=3: 88/91  T= 313  (1, (2, 11), 3, 4, 5, 6, 7, (8, 14), 9, 10, (12, 16), 13, 15);   356 X  4.537  4.139 -0.000008
S=3: 89/91  T= 314  (1, (2, 11), 3, 4, 5, 6, 7, (8, 14), 9, 10, 12, (13, 15), 16);   369 X  4.563  4.114 +22.708227
S=3: 90/91  T= 315  (1, (2, 11), 3, 4, 5, 6, 7, (8, 14), 9, 10, 12, (13, 16), 15);   267 X  4.544  4.138 +0.122408
S=3: 91/91  T= 316  (1, (2, 11), 3, 4, 5, 6, 7, (8, 14), 9, 10, 12, 13, (15, 16));   350 X  4.547  4.141 -0.000753

stage 4:    78 trees, ntime:  5  np:  7
star tree: (1, (2, 11), 3, 4, 5, 6, 7, ((8, 14), 12), 9, 10, 13, 15, 16);  lnL:-17288.767416

S=4:  1/78  T= 317  ((1, (2, 11)), 3, 4, 5, 6, 7, ((8, 14), 12), 9, 10, 13, 15, 16);   460 X  4.268  4.136 +1.741576
S=4:  2/78  T= 318  ((1, 3), (2, 11), 4, 5, 6, 7, ((8, 14), 12), 9, 10, 13, 15, 16);   361 X  4.276  4.123 -0.000042
S=4:  3/78  T= 319  ((1, 4), (2, 11), 3, 5, 6, 7, ((8, 14), 12), 9, 10, 13, 15, 16);   613 X  4.276  4.123 -0.000026
S=4:  4/78  T= 320  ((1, 5), (2, 11), 3, 4, 6, 7, ((8, 14), 12), 9, 10, 13, 15, 16);   472 X  4.290  4.124 +0.353628
S=4:  5/78  T= 321  ((1, 6), (2, 11), 3, 4, 5, 7, ((8, 14), 12), 9, 10, 13, 15, 16);   491 X  4.276  4.123 -0.000032
S=4:  6/78  T= 322  ((1, 7), (2, 11), 3, 4, 5, 6, ((8, 14), 12), 9, 10, 13, 15, 16);   390 X  4.276  4.123 -0.000033
S=4:  7/78  T= 323  ((1, ((8, 14), 12)), (2, 11), 3, 4, 5, 6, 7, 9, 10, 13, 15, 16);   406 X  4.266  4.152 +1.080987
S=4:  8/78  T= 324  ((1, 9), (2, 11), 3, 4, 5, 6, 7, ((8, 14), 12), 10, 13, 15, 16);   339 X  4.276  4.123 -0.000014
S=4:  9/78  T= 325  ((1, 10), (2, 11), 3, 4, 5, 6, 7, ((8, 14), 12), 9, 13, 15, 16);   620 X  4.280  4.141 +0.148119
S=4: 10/78  T= 326  ((1, 13), (2, 11), 3, 4, 5, 6, 7, ((8, 14), 12), 9, 10, 15, 16);   373 X  4.276  4.123 -0.000035
S=4: 11/78  T= 327  ((1, 15), (2, 11), 3, 4, 5, 6, 7, ((8, 14), 12), 9, 10, 13, 16);   406 X  4.276  4.123 -0.000013
S=4: 12/78  T= 328  ((1, 16), (2, 11), 3, 4, 5, 6, 7, ((8, 14), 12), 9, 10, 13, 15);   425 X  4.276  4.123 -0.000013
S=4: 13/78  T= 329  (1, ((2, 11), 3), 4, 5, 6, 7, ((8, 14), 12), 9, 10, 13, 15, 16);   624 X  4.276  4.123 -0.000017
S=4: 14/78  T= 330  (1, ((2, 11), 4), 3, 5, 6, 7, ((8, 14), 12), 9, 10, 13, 15, 16);   344 X  4.276  4.123 -0.000054
S=4: 15/78  T= 331  (1, ((2, 11), 5), 3, 4, 6, 7, ((8, 14), 12), 9, 10, 13, 15, 16);   432 X  4.268  4.142 +0.410869
S=4: 16/78  T= 332  (1, ((2, 11), 6), 3, 4, 5, 7, ((8, 14), 12), 9, 10, 13, 15, 16);   444 X  4.276  4.123 -0.000050
S=4: 17/78  T= 333  (1, ((2, 11), 7), 3, 4, 5, 6, ((8, 14), 12), 9, 10, 13, 15, 16);   343 X  4.276  4.123 -0.000036
S=4: 18/78  T= 334  (1, ((2, 11), ((8, 14), 12)), 3, 4, 5, 6, 7, 9, 10, 13, 15, 16);   376 X  4.274  4.124 +0.025178
S=4: 19/78  T= 335  (1, ((2, 11), 9), 3, 4, 5, 6, 7, ((8, 14), 12), 10, 13, 15, 16);   416 X  4.276  4.123 -0.000019
S=4: 20/78  T= 336  (1, ((2, 11), 10), 3, 4, 5, 6, 7, ((8, 14), 12), 9, 13, 15, 16);   467 X  4.254  4.149 +60.685835
S=4: 21/78  T= 337  (1, ((2, 11), 13), 3, 4, 5, 6, 7, ((8, 14), 12), 9, 10, 15, 16);   424 X  4.276  4.123 -0.000044
S=4: 22/78  T= 338  (1, ((2, 11), 15), 3, 4, 5, 6, 7, ((8, 14), 12), 9, 10, 13, 16);   379 X  4.276  4.123 -0.000029
S=4: 23/78  T= 339  (1, ((2, 11), 16), 3, 4, 5, 6, 7, ((8, 14), 12), 9, 10, 13, 15);   344 X  4.276  4.123 -0.000026
S=4: 24/78  T= 340  (1, (2, 11), (3, 4), 5, 6, 7, ((8, 14), 12), 9, 10, 13, 15, 16);   567 X  4.274  4.132 -0.000367
S=4: 25/78  T= 341  (1, (2, 11), (3, 5), 4, 6, 7, ((8, 14), 12), 9, 10, 13, 15, 16);   372 X  4.272  4.126 +0.088843
S=4: 26/78  T= 342  (1, (2, 11), (3, 6), 4, 5, 7, ((8, 14), 12), 9, 10, 13, 15, 16);   362 X  4.290  4.129 -0.011639
S=4: 27/78  T= 343  (1, (2, 11), (3, 7), 4, 5, 6, ((8, 14), 12), 9, 10, 13, 15, 16);   450 X  4.273  4.129 -0.000958
S=4: 28/78  T= 344  (1, (2, 11), (3, ((8, 14), 12)), 4, 5, 6, 7, 9, 10, 13, 15, 16);   426 X  4.276  4.123 -0.000014
S=4: 29/78  T= 345  (1, (2, 11), (3, 9), 4, 5, 6, 7, ((8, 14), 12), 10, 13, 15, 16);   301 X  4.232  4.099 -0.037204
S=4: 30/78  T= 346  (1, (2, 11), (3, 10), 4, 5, 6, 7, ((8, 14), 12), 9, 13, 15, 16);   420 X  4.276  4.123 -0.000029
S=4: 31/78  T= 347  (1, (2, 11), (3, 13), 4, 5, 6, 7, ((8, 14), 12), 9, 10, 15, 16);   420 X  4.402  4.085 +34.744364
S=4: 32/78  T= 348  (1, (2, 11), (3, 15), 4, 5, 6, 7, ((8, 14), 12), 9, 10, 13, 16);   402 X  4.286  4.138 +12.557609
S=4: 33/78  T= 349  (1, (2, 11), (3, 16), 4, 5, 6, 7, ((8, 14), 12), 9, 10, 13, 15);   539 X  4.255  4.116 +1.202574
S=4: 34/78  T= 350  (1, (2, 11), 3, (4, 5), 6, 7, ((8, 14), 12), 9, 10, 13, 15, 16);   420 X  4.276  4.123 -0.000019
S=4: 35/78  T= 351  (1, (2, 11), 3, (4, 6), 5, 7, ((8, 14), 12), 9, 10, 13, 15, 16);   468 X  4.269  4.091 +143.193477
S=4: 36/78  T= 352  (1, (2, 11), 3, (4, 7), 5, 6, ((8, 14), 12), 9, 10, 13, 15, 16);   434 X  4.373  4.040 +92.048357
S=4: 37/78  T= 353  (1, (2, 11), 3, (4, ((8, 14), 12)), 5, 6, 7, 9, 10, 13, 15, 16);   428 X  4.276  4.123 -0.000014
S=4: 38/78  T= 354  (1, (2, 11), 3, (4, 9), 5, 6, 7, ((8, 14), 12), 10, 13, 15, 16);   305 X  4.263  4.107 +3.014273
S=4: 39/78  T= 355  (1, (2, 11), 3, (4, 10), 5, 6, 7, ((8, 14), 12), 9, 13, 15, 16);   348 X  4.276  4.123 -0.000047
S=4: 40/78  T= 356  (1, (2, 11), 3, (4, 13), 5, 6, 7, ((8, 14), 12), 9, 10, 15, 16);   247 X  4.424  4.166 -0.553260
S=4: 41/78  T= 357  (1, (2, 11), 3, (4, 15), 5, 6, 7, ((8, 14), 12), 9, 10, 13, 16);   674 X  4.277  4.122 -0.002138
S=4: 42/78  T= 358  (1, (2, 11), 3, (4, 16), 5, 6, 7, ((8, 14), 12), 9, 10, 13, 15);   473 X  4.265  4.167 +4.170903
S=4: 43/78  T= 359  (1, (2, 11), 3, 4, (5, 6), 7, ((8, 14), 12), 9, 10, 13, 15, 16);   340 X  4.276  4.123 -0.000029
S=4: 44/78  T= 360  (1, (2, 11), 3, 4, (5, 7), 6, ((8, 14), 12), 9, 10, 13, 15, 16);   610 X  4.276  4.123 -0.000019
S=4: 45/78  T= 361  (1, (2, 11), 3, 4, (5, ((8, 14), 12)), 6, 7, 9, 10, 13, 15, 16);   420 X  4.278  4.093 +3.097209
S=4: 46/78  T= 362  (1, (2, 11), 3, 4, (5, 9), 6, 7, ((8, 14), 12), 10, 13, 15, 16);   422 X  4.280  4.117 +0.050554
S=4: 47/78  T= 363  (1, (2, 11), 3, 4, (5, 10), 6, 7, ((8, 14), 12), 9, 13, 15, 16);   413 X  4.261  4.141 +0.993598
S=4: 48/78  T= 364  (1, (2, 11), 3, 4, (5, 13), 6, 7, ((8, 14), 12), 9, 10, 15, 16);   422 X  4.276  4.123 -0.000016
S=4: 49/78  T= 365  (1, (2, 11), 3, 4, (5, 15), 6, 7, ((8, 14), 12), 9, 10, 13, 16);   583 X  4.285  4.122 +0.236585
S=4: 50/78  T= 366  (1, (2, 11), 3, 4, (5, 16), 6, 7, ((8, 14), 12), 9, 10, 13, 15);   433 X  4.272  4.126 +0.042985
S=4: 51/78  T= 367  (1, (2, 11), 3, 4, 5, (6, 7), ((8, 14), 12), 9, 10, 13, 15, 16);   450 X  4.473  4.193 +92.989549
S=4: 52/78  T= 368  (1, (2, 11), 3, 4, 5, (6, ((8, 14), 12)), 7, 9, 10, 13, 15, 16);   447 X  4.276  4.123 -0.000027
S=4: 53/78  T= 369  (1, (2, 11), 3, 4, 5, (6, 9), 7, ((8, 14), 12), 10, 13, 15, 16);   460 X  4.275  4.096 +1.432222
S=4: 54/78  T= 370  (1, (2, 11), 3, 4, 5, (6, 10), 7, ((8, 14), 12), 9, 13, 15, 16);   380 X  4.276  4.123 -0.000038
S=4: 55/78  T= 371  (1, (2, 11), 3, 4, 5, (6, 13), 7, ((8, 14), 12), 9, 10, 15, 16);   383 X  4.275  4.091 +0.493880
S=4: 56/78  T= 372  (1, (2, 11), 3, 4, 5, (6, 15), 7, ((8, 14), 12), 9, 10, 13, 16);   415 X  4.275  4.125 +0.024607
S=4: 57/78  T= 373  (1, (2, 11), 3, 4, 5, (6, 16), 7, ((8, 14), 12), 9, 10, 13, 15);   401 X  4.270  4.116 +0.813963
S=4: 58/78  T= 374  (1, (2, 11), 3, 4, 5, 6, (7, ((8, 14), 12)), 9, 10, 13, 15, 16);   441 X  4.276  4.123 -0.000012
S=4: 59/78  T= 375  (1, (2, 11), 3, 4, 5, 6, (7, 9), ((8, 14), 12), 10, 13, 15, 16);   410 X  4.255  4.123 +2.613157
S=4: 60/78  T= 376  (1, (2, 11), 3, 4, 5, 6, (7, 10), ((8, 14), 12), 9, 13, 15, 16);   621 X  4.276  4.123 -0.000034
S=4: 61/78  T= 377  (1, (2, 11), 3, 4, 5, 6, (7, 13), ((8, 14), 12), 9, 10, 15, 16);   469 X  4.277  4.123 -0.000153
S=4: 62/78  T= 378  (1, (2, 11), 3, 4, 5, 6, (7, 15), ((8, 14), 12), 9, 10, 13, 16);   433 X  4.183  4.154 -0.069659
S=4: 63/78  T= 379  (1, (2, 11), 3, 4, 5, 6, (7, 16), ((8, 14), 12), 9, 10, 13, 15);   366 X  4.222  4.112 +4.511066
S=4: 64/78  T= 380  (1, (2, 11), 3, 4, 5, 6, 7, (((8, 14), 12), 9), 10, 13, 15, 16);   433 X  4.278  4.124 +0.008221
S=4: 65/78  T= 381  (1, (2, 11), 3, 4, 5, 6, 7, (((8, 14), 12), 10), 9, 13, 15, 16);   411 X  4.278  4.134 +1.298389
S=4: 66/78  T= 382  (1, (2, 11), 3, 4, 5, 6, 7, (((8, 14), 12), 13), 9, 10, 15, 16);   423 X  4.276  4.123 -0.000023
S=4: 67/78  T= 383  (1, (2, 11), 3, 4, 5, 6, 7, (((8, 14), 12), 15), 9, 10, 13, 16);   412 X  4.281  4.126 +0.054713
S=4: 68/78  T= 384  (1, (2, 11), 3, 4, 5, 6, 7, (((8, 14), 12), 16), 9, 10, 13, 15);   485 X  4.278  4.123 +0.013356
S=4: 69/78  T= 385  (1, (2, 11), 3, 4, 5, 6, 7, ((8, 14), 12), (9, 10), 13, 15, 16);   417 X  4.276  4.123 -0.000012
S=4: 70/78  T= 386  (1, (2, 11), 3, 4, 5, 6, 7, ((8, 14), 12), (9, 13), 10, 15, 16);   381 X  4.274  4.121 +0.068305
S=4: 71/78  T= 387  (1, (2, 11), 3, 4, 5, 6, 7, ((8, 14), 12), (9, 15), 10, 13, 16);   548 X  4.276  4.123 -0.000752
S=4: 72/78  T= 388  (1, (2, 11), 3, 4, 5, 6, 7, ((8, 14), 12), (9, 16), 10, 13, 15);   417 X  4.240  4.084 +16.694311
S=4: 73/78  T= 389  (1, (2, 11), 3, 4, 5, 6, 7, ((8, 14), 12), 9, (10, 13), 15, 16);   411 X  4.276  4.123 -0.000002
S=4: 74/78  T= 390  (1, (2, 11), 3, 4, 5, 6, 7, ((8, 14), 12), 9, (10, 15), 13, 16);   377 X  4.276  4.123 -0.000038
S=4: 75/78  T= 391  (1, (2, 11), 3, 4, 5, 6, 7, ((8, 14), 12), 9, (10, 16), 13, 15);   485 X  4.272  4.112 +0.097639
S=4: 76/78  T= 392  (1, (2, 11), 3, 4, 5, 6, 7, ((8, 14), 12), 9, 10, (13, 15), 16);   407 X  4.289  4.121 +22.821422
S=4: 77/78  T= 393  (1, (2, 11), 3, 4, 5, 6, 7, ((8, 14), 12), 9, 10, (13, 16), 15);   488 X  4.284  4.121 +0.123333
S=4: 78/78  T= 394  (1, (2, 11), 3, 4, 5, 6, 7, ((8, 14), 12), 9, 10, 13, (15, 16));   564 X  4.288  4.129 -0.002057

stage 5:    66 trees, ntime:  6  np:  8
star tree: (1, (2, 11), 3, (4, 6), 5, 7, ((8, 14), 12), 9, 10, 13, 15, 16);  lnL:-17145.573938

S=5:  1/66  T= 395  ((1, (2, 11)), 3, (4, 6), 5, 7, ((8, 14), 12), 9, 10, 13, 15, 16);   513 X  4.262  4.102 +1.299104
S=5:  2/66  T= 396  ((1, 3), (2, 11), (4, 6), 5, 7, ((8, 14), 12), 9, 10, 13, 15, 16);   473 X  4.269  4.091 -0.000042
S=5:  3/66  T= 397  ((1, (4, 6)), (2, 11), 3, 5, 7, ((8, 14), 12), 9, 10, 13, 15, 16);   775 X  4.269  4.091 -0.000025
S=5:  4/66  T= 398  ((1, 5), (2, 11), 3, (4, 6), 7, ((8, 14), 12), 9, 10, 13, 15, 16);   654 X  4.277  4.091 +0.103313
S=5:  5/66  T= 399  ((1, 7), (2, 11), 3, (4, 6), 5, ((8, 14), 12), 9, 10, 13, 15, 16);   465 X  4.269  4.091 -0.000029
S=5:  6/66  T= 400  ((1, ((8, 14), 12)), (2, 11), 3, (4, 6), 5, 7, 9, 10, 13, 15, 16);   508 X  4.263  4.119 +0.867268
S=5:  7/66  T= 401  ((1, 9), (2, 11), 3, (4, 6), 5, 7, ((8, 14), 12), 10, 13, 15, 16);   799 X  4.269  4.091 -0.000013
S=5:  8/66  T= 402  ((1, 10), (2, 11), 3, (4, 6), 5, 7, ((8, 14), 12), 9, 13, 15, 16);   562 X  4.273  4.106 +0.097049
S=5:  9/66  T= 403  ((1, 13), (2, 11), 3, (4, 6), 5, 7, ((8, 14), 12), 9, 10, 15, 16);   483 X  4.269  4.091 -0.000035
S=5: 10/66  T= 404  ((1, 15), (2, 11), 3, (4, 6), 5, 7, ((8, 14), 12), 9, 10, 13, 16);   441 X  4.269  4.091 -0.000013
S=5: 11/66  T= 405  ((1, 16), (2, 11), 3, (4, 6), 5, 7, ((8, 14), 12), 9, 10, 13, 15);   530 X  4.269  4.091 -0.000013
S=5: 12/66  T= 406  (1, ((2, 11), 3), (4, 6), 5, 7, ((8, 14), 12), 9, 10, 13, 15, 16);   544 X  4.269  4.091 -0.000024
S=5: 13/66  T= 407  (1, ((2, 11), (4, 6)), 3, 5, 7, ((8, 14), 12), 9, 10, 13, 15, 16);   512 X  4.269  4.091 -0.000041
S=5: 14/66  T= 408  (1, ((2, 11), 5), 3, (4, 6), 7, ((8, 14), 12), 9, 10, 13, 15, 16);   576 X  4.265  4.101 +0.106254
S=5: 15/66  T= 409  (1, ((2, 11), 7), 3, (4, 6), 5, ((8, 14), 12), 9, 10, 13, 15, 16);   495 X  4.269  4.091 -0.000026
S=5: 16/66  T= 410  (1, ((2, 11), ((8, 14), 12)), 3, (4, 6), 5, 7, 9, 10, 13, 15, 16);   497 X  4.269  4.091 -0.000000
S=5: 17/66  T= 411  (1, ((2, 11), 9), 3, (4, 6), 5, 7, ((8, 14), 12), 10, 13, 15, 16);   523 X  4.269  4.091 -0.000019
S=5: 18/66  T= 412  (1, ((2, 11), 10), 3, (4, 6), 5, 7, ((8, 14), 12), 9, 13, 15, 16);   603 X  4.251  4.123 +57.617087
S=5: 19/66  T= 413  (1, ((2, 11), 13), 3, (4, 6), 5, 7, ((8, 14), 12), 9, 10, 15, 16);   702 X  4.269  4.091 -0.000045
S=5: 20/66  T= 414  (1, ((2, 11), 15), 3, (4, 6), 5, 7, ((8, 14), 12), 9, 10, 13, 16);   420 X  4.269  4.091 -0.000033
S=5: 21/66  T= 415  (1, ((2, 11), 16), 3, (4, 6), 5, 7, ((8, 14), 12), 9, 10, 13, 15);   525 X  4.269  4.091 -0.000027
S=5: 22/66  T= 416  (1, (2, 11), (3, (4, 6)), 5, 7, ((8, 14), 12), 9, 10, 13, 15, 16);   637 X  4.258  4.047 -0.010500
S=5: 23/66  T= 417  (1, (2, 11), (3, 5), (4, 6), 7, ((8, 14), 12), 9, 10, 13, 15, 16);   475 X  4.265  4.095 +0.075087
S=5: 24/66  T= 418  (1, (2, 11), (3, 7), (4, 6), 5, ((8, 14), 12), 9, 10, 13, 15, 16);   690 X  4.268  4.096 -0.000720
S=5: 25/66  T= 419  (1, (2, 11), (3, ((8, 14), 12)), (4, 6), 5, 7, 9, 10, 13, 15, 16);   384 X  4.269  4.091 -0.000017
S=5: 26/66  T= 420  (1, (2, 11), (3, 9), (4, 6), 5, 7, ((8, 14), 12), 10, 13, 15, 16);   562 X  4.269  4.091 -0.000008
S=5: 27/66  T= 421  (1, (2, 11), (3, 10), (4, 6), 5, 7, ((8, 14), 12), 9, 13, 15, 16);   401 X  4.269  4.091 -0.000028
S=5: 28/66  T= 422  (1, (2, 11), (3, 13), (4, 6), 5, 7, ((8, 14), 12), 9, 10, 15, 16);   508 X  4.391  4.075 +35.781245
S=5: 29/66  T= 423  (1, (2, 11), (3, 15), (4, 6), 5, 7, ((8, 14), 12), 9, 10, 13, 16);   535 X  4.270  4.113 +12.284194
S=5: 30/66  T= 424  (1, (2, 11), (3, 16), (4, 6), 5, 7, ((8, 14), 12), 9, 10, 13, 15);   508 X  4.252  4.083 +1.182472
S=5: 31/66  T= 425  (1, (2, 11), 3, ((4, 6), 5), 7, ((8, 14), 12), 9, 10, 13, 15, 16);   585 X  4.269  4.091 -0.000026
S=5: 32/66  T= 426  (1, (2, 11), 3, ((4, 6), 7), 5, ((8, 14), 12), 9, 10, 13, 15, 16);   505 X  4.498  4.158 +146.350210
S=5: 33/66  T= 427  (1, (2, 11), 3, ((4, 6), ((8, 14), 12)), 5, 7, 9, 10, 13, 15, 16);   456 X  4.269  4.091 -0.000015
S=5: 34/66  T= 428  (1, (2, 11), 3, ((4, 6), 9), 5, 7, ((8, 14), 12), 10, 13, 15, 16);   540 X  4.263  4.064 +4.426110
S=5: 35/66  T= 429  (1, (2, 11), 3, ((4, 6), 10), 5, 7, ((8, 14), 12), 9, 13, 15, 16);   572 X  4.269  4.091 -0.000048
S=5: 36/66  T= 430  (1, (2, 11), 3, ((4, 6), 13), 5, 7, ((8, 14), 12), 9, 10, 15, 16);   660 X  4.270  4.073 +0.675974
S=5: 37/66  T= 431  (1, (2, 11), 3, ((4, 6), 15), 5, 7, ((8, 14), 12), 9, 10, 13, 16);   511 X  4.284  4.095 -0.001360
S=5: 38/66  T= 432  (1, (2, 11), 3, ((4, 6), 16), 5, 7, ((8, 14), 12), 9, 10, 13, 15);   569 X  4.274  4.140 +9.225588
S=5: 39/66  T= 433  (1, (2, 11), 3, (4, 6), (5, 7), ((8, 14), 12), 9, 10, 13, 15, 16);   515 X  4.269  4.091 -0.000018
S=5: 40/66  T= 434  (1, (2, 11), 3, (4, 6), (5, ((8, 14), 12)), 7, 9, 10, 13, 15, 16);   573 X  4.267  4.071 +1.959911
S=5: 41/66  T= 435  (1, (2, 11), 3, (4, 6), (5, 9), 7, ((8, 14), 12), 10, 13, 15, 16);   571 X  4.274  4.083 +0.098093
S=5: 42/66  T= 436  (1, (2, 11), 3, (4, 6), (5, 10), 7, ((8, 14), 12), 9, 13, 15, 16);   573 X  4.255  4.106 +0.708806
S=5: 43/66  T= 437  (1, (2, 11), 3, (4, 6), (5, 13), 7, ((8, 14), 12), 9, 10, 15, 16);   464 X  4.269  4.091 -0.000018
S=5: 44/66  T= 438  (1, (2, 11), 3, (4, 6), (5, 15), 7, ((8, 14), 12), 9, 10, 13, 16);   556 X  4.278  4.090 +0.231937
S=5: 45/66  T= 439  (1, (2, 11), 3, (4, 6), (5, 16), 7, ((8, 14), 12), 9, 10, 13, 15);   529 X  4.265  4.094 +0.032081
S=5: 46/66  T= 440  (1, (2, 11), 3, (4, 6), 5, (7, ((8, 14), 12)), 9, 10, 13, 15, 16);   525 X  4.269  4.091 -0.000007
S=5: 47/66  T= 441  (1, (2, 11), 3, (4, 6), 5, (7, 9), ((8, 14), 12), 10, 13, 15, 16);   569 X  4.241  4.087 +4.017259
S=5: 48/66  T= 442  (1, (2, 11), 3, (4, 6), 5, (7, 10), ((8, 14), 12), 9, 13, 15, 16);   523 X  4.269  4.091 -0.000032
S=5: 49/66  T= 443  (1, (2, 11), 3, (4, 6), 5, (7, 13), ((8, 14), 12), 9, 10, 15, 16);   545 X  4.262  4.083 +0.311991
S=5: 50/66  T= 444  (1, (2, 11), 3, (4, 6), 5, (7, 15), ((8, 14), 12), 9, 10, 13, 16);   485 X  4.280  4.091 -0.004331
S=5: 51/66  T= 445  (1, (2, 11), 3, (4, 6), 5, (7, 16), ((8, 14), 12), 9, 10, 13, 15);   590 X  4.195  4.098 +8.291145
S=5: 52/66  T= 446  (1, (2, 11), 3, (4, 6), 5, 7, (((8, 14), 12), 9), 10, 13, 15, 16);   706 X  4.271  4.091 +0.007341
S=5: 53/66  T= 447  (1, (2, 11), 3, (4, 6), 5, 7, (((8, 14), 12), 10), 9, 13, 15, 16);   497 X  4.272  4.102 +1.009372
S=5: 54/66  T= 448  (1, (2, 11), 3, (4, 6), 5, 7, (((8, 14), 12), 13), 9, 10, 15, 16);   809 X  4.269  4.091 -0.000026
S=5: 55/66  T= 449  (1, (2, 11), 3, (4, 6), 5, 7, (((8, 14), 12), 15), 9, 10, 13, 16);   627 X  4.269  4.091 -0.000001
S=5: 56/66  T= 450  (1, (2, 11), 3, (4, 6), 5, 7, (((8, 14), 12), 16), 9, 10, 13, 15);   687 X  4.269  4.091 -0.000055
S=5: 57/66  T= 451  (1, (2, 11), 3, (4, 6), 5, 7, ((8, 14), 12), (9, 10), 13, 15, 16);   544 X  4.269  4.091 -0.000013
S=5: 58/66  T= 452  (1, (2, 11), 3, (4, 6), 5, 7, ((8, 14), 12), (9, 13), 10, 15, 16);   594 X  4.267  4.089 +0.084642
S=5: 59/66  T= 453  (1, (2, 11), 3, (4, 6), 5, 7, ((8, 14), 12), (9, 15), 10, 13, 16);   648 X  4.269  4.091 -0.001556
S=5: 60/66  T= 454  (1, (2, 11), 3, (4, 6), 5, 7, ((8, 14), 12), (9, 16), 10, 13, 15);   612 X  4.237  4.055 +18.956526
S=5: 61/66  T= 455  (1, (2, 11), 3, (4, 6), 5, 7, ((8, 14), 12), 9, (10, 13), 15, 16);   533 X  4.269  4.091 -0.000007
S=5: 62/66  T= 456  (1, (2, 11), 3, (4, 6), 5, 7, ((8, 14), 12), 9, (10, 15), 13, 16);   546 X  4.269  4.091 -0.000035
S=5: 63/66  T= 457  (1, (2, 11), 3, (4, 6), 5, 7, ((8, 14), 12), 9, (10, 16), 13, 15);   580 X  4.266  4.083 +0.070711
S=5: 64/66  T= 458  (1, (2, 11), 3, (4, 6), 5, 7, ((8, 14), 12), 9, 10, (13, 15), 16);   581 X  4.266  4.073 +23.140292
S=5: 65/66  T= 459  (1, (2, 11), 3, (4, 6), 5, 7, ((8, 14), 12), 9, 10, (13, 16), 15);   496 X  4.277  4.088 +0.134577
S=5: 66/66  T= 460  (1, (2, 11), 3, (4, 6), 5, 7, ((8, 14), 12), 9, 10, 13, (15, 16));   566 X  4.268  4.091 -0.004059

stage 6:    55 trees, ntime:  7  np:  9
star tree: (1, (2, 11), 3, ((4, 6), 7), 5, ((8, 14), 12), 9, 10, 13, 15, 16);  lnL:-16999.223728

S=6:  1/55  T= 461  ((1, (2, 11)), 3, ((4, 6), 7), 5, ((8, 14), 12), 9, 10, 13, 15, 16);   527 X  4.493  4.168 +1.034842
S=6:  2/55  T= 462  ((1, 3), (2, 11), ((4, 6), 7), 5, ((8, 14), 12), 9, 10, 13, 15, 16);   527 X  4.498  4.158 -0.000042
S=6:  3/55  T= 463  ((1, ((4, 6), 7)), (2, 11), 3, 5, ((8, 14), 12), 9, 10, 13, 15, 16);   767 X  4.498  4.158 -0.000015
S=6:  4/55  T= 464  ((1, 5), (2, 11), 3, ((4, 6), 7), ((8, 14), 12), 9, 10, 13, 15, 16);   636 X  4.507  4.159 +0.089244
S=6:  5/55  T= 465  ((1, ((8, 14), 12)), (2, 11), 3, ((4, 6), 7), 5, 9, 10, 13, 15, 16);   676 X  4.498  4.178 +0.376582
S=6:  6/55  T= 466  ((1, 9), (2, 11), 3, ((4, 6), 7), 5, ((8, 14), 12), 10, 13, 15, 16);   525 X  4.498  4.158 -0.000015
S=6:  7/55  T= 467  ((1, 10), (2, 11), 3, ((4, 6), 7), 5, ((8, 14), 12), 9, 13, 15, 16);   746 X  4.502  4.166 +0.029903
S=6:  8/55  T= 468  ((1, 13), (2, 11), 3, ((4, 6), 7), 5, ((8, 14), 12), 9, 10, 15, 16);   515 X  4.498  4.158 -0.000037
S=6:  9/55  T= 469  ((1, 15), (2, 11), 3, ((4, 6), 7), 5, ((8, 14), 12), 9, 10, 13, 16);   524 X  4.498  4.158 -0.000014
S=6: 10/55  T= 470  ((1, 16), (2, 11), 3, ((4, 6), 7), 5, ((8, 14), 12), 9, 10, 13, 15);   491 X  4.498  4.158 -0.000012
S=6: 11/55  T= 471  (1, ((2, 11), 3), ((4, 6), 7), 5, ((8, 14), 12), 9, 10, 13, 15, 16);   587 X  4.498  4.158 -0.000026
S=6: 12/55  T= 472  (1, ((2, 11), ((4, 6), 7)), 3, 5, ((8, 14), 12), 9, 10, 13, 15, 16);   602 X  4.498  4.158 -0.000015
S=6: 13/55  T= 473  (1, ((2, 11), 5), 3, ((4, 6), 7), ((8, 14), 12), 9, 10, 13, 15, 16);   575 X  4.498  4.158 -0.000002
S=6: 14/55  T= 474  (1, ((2, 11), ((8, 14), 12)), 3, ((4, 6), 7), 5, 9, 10, 13, 15, 16);   545 X  4.498  4.158 -0.000010
S=6: 15/55  T= 475  (1, ((2, 11), 9), 3, ((4, 6), 7), 5, ((8, 14), 12), 10, 13, 15, 16);   590 X  4.498  4.158 -0.000017
S=6: 16/55  T= 476  (1, ((2, 11), 10), 3, ((4, 6), 7), 5, ((8, 14), 12), 9, 13, 15, 16);   624 X  4.473  4.217 +55.250833
S=6: 17/55  T= 477  (1, ((2, 11), 13), 3, ((4, 6), 7), 5, ((8, 14), 12), 9, 10, 15, 16);   577 X  4.498  4.158 -0.000046
S=6: 18/55  T= 478  (1, ((2, 11), 15), 3, ((4, 6), 7), 5, ((8, 14), 12), 9, 10, 13, 16);   508 X  4.498  4.158 -0.000034
S=6: 19/55  T= 479  (1, ((2, 11), 16), 3, ((4, 6), 7), 5, ((8, 14), 12), 9, 10, 13, 15);   549 X  4.498  4.158 -0.000020
S=6: 20/55  T= 480  (1, (2, 11), (3, ((4, 6), 7)), 5, ((8, 14), 12), 9, 10, 13, 15, 16);   622 X  4.496  4.155 -0.002073
S=6: 21/55  T= 481  (1, (2, 11), (3, 5), ((4, 6), 7), ((8, 14), 12), 9, 10, 13, 15, 16);   653 X  4.496  4.163 +0.051374
S=6: 22/55  T= 482  (1, (2, 11), (3, ((8, 14), 12)), ((4, 6), 7), 5, 9, 10, 13, 15, 16);   606 X  4.498  4.158 -0.000018
S=6: 23/55  T= 483  (1, (2, 11), (3, 9), ((4, 6), 7), 5, ((8, 14), 12), 10, 13, 15, 16);   528 X  4.481  4.147 -0.016013
S=6: 24/55  T= 484  (1, (2, 11), (3, 10), ((4, 6), 7), 5, ((8, 14), 12), 9, 13, 15, 16);   595 X  4.498  4.158 -0.000027
S=6: 25/55  T= 485  (1, (2, 11), (3, 13), ((4, 6), 7), 5, ((8, 14), 12), 9, 10, 15, 16);   584 X  4.618  4.147 +35.195298
S=6: 26/55  T= 486  (1, (2, 11), (3, 15), ((4, 6), 7), 5, ((8, 14), 12), 9, 10, 13, 16);   537 X  4.508  4.189 +12.607094
S=6: 27/55  T= 487  (1, (2, 11), (3, 16), ((4, 6), 7), 5, ((8, 14), 12), 9, 10, 13, 15);   599 X  4.487  4.148 +1.257900
S=6: 28/55  T= 488  (1, (2, 11), 3, (((4, 6), 7), 5), ((8, 14), 12), 9, 10, 13, 15, 16);   510 X  4.498  4.158 -0.000019
S=6: 29/55  T= 489  (1, (2, 11), 3, (((4, 6), 7), ((8, 14), 12)), 5, 9, 10, 13, 15, 16);   621 X  4.498  4.158 -0.000009
S=6: 30/55  T= 490  (1, (2, 11), 3, (((4, 6), 7), 9), 5, ((8, 14), 12), 10, 13, 15, 16);   601 X  4.472  4.166 +10.523757
S=6: 31/55  T= 491  (1, (2, 11), 3, (((4, 6), 7), 10), 5, ((8, 14), 12), 9, 13, 15, 16);   621 X  4.498  4.158 -0.000047
S=6: 32/55  T= 492  (1, (2, 11), 3, (((4, 6), 7), 13), 5, ((8, 14), 12), 9, 10, 15, 16);   574 X  4.513  4.129 +2.487124
S=6: 33/55  T= 493  (1, (2, 11), 3, (((4, 6), 7), 15), 5, ((8, 14), 12), 9, 10, 13, 16);   679 X  4.497  4.178 -0.003914
S=6: 34/55  T= 494  (1, (2, 11), 3, (((4, 6), 7), 16), 5, ((8, 14), 12), 9, 10, 13, 15);   559 X  4.485  4.238 +18.300745
S=6: 35/55  T= 495  (1, (2, 11), 3, ((4, 6), 7), (5, ((8, 14), 12)), 9, 10, 13, 15, 16);   646 X  4.501  4.148 +1.254882
S=6: 36/55  T= 496  (1, (2, 11), 3, ((4, 6), 7), (5, 9), ((8, 14), 12), 10, 13, 15, 16);   664 X  4.503  4.152 +0.057739
S=6: 37/55  T= 497  (1, (2, 11), 3, ((4, 6), 7), (5, 10), ((8, 14), 12), 9, 13, 15, 16);   557 X  4.486  4.173 +0.426207
S=6: 38/55  T= 498  (1, (2, 11), 3, ((4, 6), 7), (5, 13), ((8, 14), 12), 9, 10, 15, 16);   616 X  4.498  4.158 -0.000017
S=6: 39/55  T= 499  (1, (2, 11), 3, ((4, 6), 7), (5, 15), ((8, 14), 12), 9, 10, 13, 16);   748 X  4.507  4.160 +0.151859
S=6: 40/55  T= 500  (1, (2, 11), 3, ((4, 6), 7), (5, 16), ((8, 14), 12), 9, 10, 13, 15);   619 X  4.496  4.160 +0.014160
S=6: 41/55  T= 501  (1, (2, 11), 3, ((4, 6), 7), 5, (((8, 14), 12), 9), 10, 13, 15, 16);   683 X  4.504  4.159 +0.041241
S=6: 42/55  T= 502  (1, (2, 11), 3, ((4, 6), 7), 5, (((8, 14), 12), 10), 9, 13, 15, 16);   555 X  4.502  4.168 +0.626543
S=6: 43/55  T= 503  (1, (2, 11), 3, ((4, 6), 7), 5, (((8, 14), 12), 13), 9, 10, 15, 16);   679 X  4.498  4.158 -0.000026
S=6: 44/55  T= 504  (1, (2, 11), 3, ((4, 6), 7), 5, (((8, 14), 12), 15), 9, 10, 13, 16);   745 X  4.499  4.161 -0.000095
S=6: 45/55  T= 505  (1, (2, 11), 3, ((4, 6), 7), 5, (((8, 14), 12), 16), 9, 10, 13, 15);   877 X  4.502  4.159 +0.032221
S=6: 46/55  T= 506  (1, (2, 11), 3, ((4, 6), 7), 5, ((8, 14), 12), (9, 10), 13, 15, 16);  1203 X  4.498  4.158 -0.000014
S=6: 47/55  T= 507  (1, (2, 11), 3, ((4, 6), 7), 5, ((8, 14), 12), (9, 13), 10, 15, 16);   702 X  4.497  4.157 +0.231534
S=6: 48/55  T= 508  (1, (2, 11), 3, ((4, 6), 7), 5, ((8, 14), 12), (9, 15), 10, 13, 16);   599 X  4.493  4.144 -0.004354
S=6: 49/55  T= 509  (1, (2, 11), 3, ((4, 6), 7), 5, ((8, 14), 12), (9, 16), 10, 13, 15);   518 X  4.475  4.150 +24.583209
S=6: 50/55  T= 510  (1, (2, 11), 3, ((4, 6), 7), 5, ((8, 14), 12), 9, (10, 13), 15, 16);   543 X  4.498  4.158 -0.000011
S=6: 51/55  T= 511  (1, (2, 11), 3, ((4, 6), 7), 5, ((8, 14), 12), 9, (10, 15), 13, 16);   593 X  4.498  4.158 -0.000033
S=6: 52/55  T= 512  (1, (2, 11), 3, ((4, 6), 7), 5, ((8, 14), 12), 9, (10, 16), 13, 15);   549 X  4.496  4.152 +0.043816
S=6: 53/55  T= 513  (1, (2, 11), 3, ((4, 6), 7), 5, ((8, 14), 12), 9, 10, (13, 15), 16);   764 X  4.506  4.159 +22.999316
S=6: 54/55  T= 514  (1, (2, 11), 3, ((4, 6), 7), 5, ((8, 14), 12), 9, 10, (13, 16), 15);   610 X  4.507  4.157 +0.201314
S=6: 55/55  T= 515  (1, (2, 11), 3, ((4, 6), 7), 5, ((8, 14), 12), 9, 10, 13, (15, 16));   796 X  4.492  4.152 -0.008096

stage 7:    45 trees, ntime:  8  np: 10
star tree: (1, ((2, 11), 10), 3, ((4, 6), 7), 5, ((8, 14), 12), 9, 13, 15, 16);  lnL:-16943.972896

S=7:  1/45  T= 516  ((1, ((2, 11), 10)), 3, ((4, 6), 7), 5, ((8, 14), 12), 9, 13, 15, 16);   627 X  4.498  4.283 +5.372554
S=7:  2/45  T= 517  ((1, 3), ((2, 11), 10), ((4, 6), 7), 5, ((8, 14), 12), 9, 13, 15, 16);   637 X  4.473  4.217 -0.000045
S=7:  3/45  T= 518  ((1, ((4, 6), 7)), ((2, 11), 10), 3, 5, ((8, 14), 12), 9, 13, 15, 16);   805 X  4.473  4.217 -0.000006
S=7:  4/45  T= 519  ((1, 5), ((2, 11), 10), 3, ((4, 6), 7), ((8, 14), 12), 9, 13, 15, 16);   665 X  4.496  4.228 +0.621560
S=7:  5/45  T= 520  ((1, ((8, 14), 12)), ((2, 11), 10), 3, ((4, 6), 7), 5, 9, 13, 15, 16);   844 X  4.475  4.253 +0.907761
S=7:  6/45  T= 521  ((1, 9), ((2, 11), 10), 3, ((4, 6), 7), 5, ((8, 14), 12), 13, 15, 16);   637 X  4.473  4.217 -0.000018
S=7:  7/45  T= 522  ((1, 13), ((2, 11), 10), 3, ((4, 6), 7), 5, ((8, 14), 12), 9, 15, 16);   759 X  4.473  4.217 -0.000040
S=7:  8/45  T= 523  ((1, 15), ((2, 11), 10), 3, ((4, 6), 7), 5, ((8, 14), 12), 9, 13, 16);   618 X  4.473  4.217 -0.000016
S=7:  9/45  T= 524  ((1, 16), ((2, 11), 10), 3, ((4, 6), 7), 5, ((8, 14), 12), 9, 13, 15);   536 X  4.473  4.217 -0.000016
S=7: 10/45  T= 525  (1, (((2, 11), 10), 3), ((4, 6), 7), 5, ((8, 14), 12), 9, 13, 15, 16);   711 X  4.473  4.217 -0.000069
S=7: 11/45  T= 526  (1, (((2, 11), 10), ((4, 6), 7)), 3, 5, ((8, 14), 12), 9, 13, 15, 16);   649 X  4.473  4.217 -0.000044
S=7: 12/45  T= 527  (1, (((2, 11), 10), 5), 3, ((4, 6), 7), ((8, 14), 12), 9, 13, 15, 16);   645 X  4.477  4.242 +1.068503
S=7: 13/45  T= 528  (1, (((2, 11), 10), ((8, 14), 12)), 3, ((4, 6), 7), 5, 9, 13, 15, 16);   687 X  4.463  4.226 +1.402047
S=7: 14/45  T= 529  (1, (((2, 11), 10), 9), 3, ((4, 6), 7), 5, ((8, 14), 12), 13, 15, 16);   616 X  4.473  4.217 -0.000023
S=7: 15/45  T= 530  (1, (((2, 11), 10), 13), 3, ((4, 6), 7), 5, ((8, 14), 12), 9, 15, 16);   604 X  4.473  4.217 -0.000056
S=7: 16/45  T= 531  (1, (((2, 11), 10), 15), 3, ((4, 6), 7), 5, ((8, 14), 12), 9, 13, 16);   686 X  4.473  4.217 -0.000072
S=7: 17/45  T= 532  (1, (((2, 11), 10), 16), 3, ((4, 6), 7), 5, ((8, 14), 12), 9, 13, 15);   551 X  4.473  4.217 -0.000005
S=7: 18/45  T= 533  (1, ((2, 11), 10), (3, ((4, 6), 7)), 5, ((8, 14), 12), 9, 13, 15, 16);   830 X  4.478  4.222 -0.001651
S=7: 19/45  T= 534  (1, ((2, 11), 10), (3, 5), ((4, 6), 7), ((8, 14), 12), 9, 13, 15, 16);   625 X  4.471  4.222 +0.044560
S=7: 20/45  T= 535  (1, ((2, 11), 10), (3, ((8, 14), 12)), ((4, 6), 7), 5, 9, 13, 15, 16);   692 X  4.473  4.217 -0.000016
S=7: 21/45  T= 536  (1, ((2, 11), 10), (3, 9), ((4, 6), 7), 5, ((8, 14), 12), 13, 15, 16);   644 X  4.471  4.213 -0.006810
S=7: 22/45  T= 537  (1, ((2, 11), 10), (3, 13), ((4, 6), 7), 5, ((8, 14), 12), 9, 15, 16);   631 X  4.594  4.226 +33.591714
S=7: 23/45  T= 538  (1, ((2, 11), 10), (3, 15), ((4, 6), 7), 5, ((8, 14), 12), 9, 13, 16);   686 X  4.495  4.248 +11.749855
S=7: 24/45  T= 539  (1, ((2, 11), 10), (3, 16), ((4, 6), 7), 5, ((8, 14), 12), 9, 13, 15);   611 X  4.464  4.209 +0.849340
S=7: 25/45  T= 540  (1, ((2, 11), 10), 3, (((4, 6), 7), 5), ((8, 14), 12), 9, 13, 15, 16);   701 X  4.473  4.217 -0.000022
S=7: 26/45  T= 541  (1, ((2, 11), 10), 3, (((4, 6), 7), ((8, 14), 12)), 5, 9, 13, 15, 16);   680 X  4.456  4.235 -0.010365
S=7: 27/45  T= 542  (1, ((2, 11), 10), 3, (((4, 6), 7), 9), 5, ((8, 14), 12), 13, 15, 16);   641 X  4.443  4.220 +9.858061
S=7: 28/45  T= 543  (1, ((2, 11), 10), 3, (((4, 6), 7), 13), 5, ((8, 14), 12), 9, 15, 16);   617 X  4.493  4.191 +2.006948
S=7: 29/45  T= 544  (1, ((2, 11), 10), 3, (((4, 6), 7), 15), 5, ((8, 14), 12), 9, 13, 16);   602 X  4.481  4.259 -0.015092
S=7: 30/45  T= 545  (1, ((2, 11), 10), 3, (((4, 6), 7), 16), 5, ((8, 14), 12), 9, 13, 15);   746 X  4.461  4.287 +17.236064
S=7: 31/45  T= 546  (1, ((2, 11), 10), 3, ((4, 6), 7), (5, ((8, 14), 12)), 9, 13, 15, 16);   688 X  4.475  4.218 +1.751793
S=7: 32/45  T= 547  (1, ((2, 11), 10), 3, ((4, 6), 7), (5, 9), ((8, 14), 12), 13, 15, 16);   584 X  4.475  4.211 +0.053689
S=7: 33/45  T= 548  (1, ((2, 11), 10), 3, ((4, 6), 7), (5, 13), ((8, 14), 12), 9, 15, 16);   541 X  4.473  4.217 -0.000018
S=7: 34/45  T= 549  (1, ((2, 11), 10), 3, ((4, 6), 7), (5, 15), ((8, 14), 12), 9, 13, 16);   697 X  4.479  4.219 +0.065721
S=7: 35/45  T= 550  (1, ((2, 11), 10), 3, ((4, 6), 7), (5, 16), ((8, 14), 12), 9, 13, 15);   629 X  4.473  4.217 -0.000000
S=7: 36/45  T= 551  (1, ((2, 11), 10), 3, ((4, 6), 7), 5, (((8, 14), 12), 9), 13, 15, 16);   625 X  4.475  4.213 -0.000812
S=7: 37/45  T= 552  (1, ((2, 11), 10), 3, ((4, 6), 7), 5, (((8, 14), 12), 13), 9, 15, 16);   642 X  4.473  4.217 -0.000030
S=7: 38/45  T= 553  (1, ((2, 11), 10), 3, ((4, 6), 7), 5, (((8, 14), 12), 15), 9, 13, 16);   757 X  4.473  4.217 -0.000004
S=7: 39/45  T= 554  (1, ((2, 11), 10), 3, ((4, 6), 7), 5, (((8, 14), 12), 16), 9, 13, 15);   781 X  4.477  4.216 +0.114858
S=7: 40/45  T= 555  (1, ((2, 11), 10), 3, ((4, 6), 7), 5, ((8, 14), 12), (9, 13), 15, 16);   621 X  4.473  4.217 +0.094812
S=7: 41/45  T= 556  (1, ((2, 11), 10), 3, ((4, 6), 7), 5, ((8, 14), 12), (9, 15), 13, 16);   868 X  4.477  4.223 -0.002454
S=7: 42/45  T= 557  (1, ((2, 11), 10), 3, ((4, 6), 7), 5, ((8, 14), 12), (9, 16), 13, 15);   647 X  4.458  4.207 +22.998532
S=7: 43/45  T= 558  (1, ((2, 11), 10), 3, ((4, 6), 7), 5, ((8, 14), 12), 9, (13, 15), 16);   758 X  4.481  4.227 +21.902712
S=7: 44/45  T= 559  (1, ((2, 11), 10), 3, ((4, 6), 7), 5, ((8, 14), 12), 9, (13, 16), 15);   930 X  4.481  4.217 +0.111433
S=7: 45/45  T= 560  (1, ((2, 11), 10), 3, ((4, 6), 7), 5, ((8, 14), 12), 9, 13, (15, 16));   979 X  4.475  4.220 -0.002138

stage 8:    36 trees, ntime:  9  np: 11
star tree: (1, ((2, 11), 10), (3, 13), ((4, 6), 7), 5, ((8, 14), 12), 9, 15, 16);  lnL:-16910.381182

S=8:  1/36  T= 561  ((1, ((2, 11), 10)), (3, 13), ((4, 6), 7), 5, ((8, 14), 12), 9, 15, 16);   763 X  4.622  4.298 +5.280208
S=8:  2/36  T= 562  ((1, (3, 13)), ((2, 11), 10), ((4, 6), 7), 5, ((8, 14), 12), 9, 15, 16);   620 X  4.594  4.226 -0.000034
S=8:  3/36  T= 563  ((1, ((4, 6), 7)), ((2, 11), 10), (3, 13), 5, ((8, 14), 12), 9, 15, 16);   826 X  4.594  4.226 -0.000009
S=8:  4/36  T= 564  ((1, 5), ((2, 11), 10), (3, 13), ((4, 6), 7), ((8, 14), 12), 9, 15, 16);  1020 X  4.615  4.241 +0.511331
S=8:  5/36  T= 565  ((1, ((8, 14), 12)), ((2, 11), 10), (3, 13), ((4, 6), 7), 5, 9, 15, 16);   681 X  4.597  4.255 +0.520945
S=8:  6/36  T= 566  ((1, 9), ((2, 11), 10), (3, 13), ((4, 6), 7), 5, ((8, 14), 12), 15, 16);   683 X  4.594  4.226 -0.000019
S=8:  7/36  T= 567  ((1, 15), ((2, 11), 10), (3, 13), ((4, 6), 7), 5, ((8, 14), 12), 9, 16);   776 X  4.594  4.226 -0.000012
S=8:  8/36  T= 568  ((1, 16), ((2, 11), 10), (3, 13), ((4, 6), 7), 5, ((8, 14), 12), 9, 15);   980 X  4.594  4.226 -0.000017
S=8:  9/36  T= 569  (1, (((2, 11), 10), (3, 13)), ((4, 6), 7), 5, ((8, 14), 12), 9, 15, 16);   802 X  4.594  4.226 -0.000075
S=8: 10/36  T= 570  (1, (((2, 11), 10), ((4, 6), 7)), (3, 13), 5, ((8, 14), 12), 9, 15, 16);   804 X  4.594  4.226 -0.000047
S=8: 11/36  T= 571  (1, (((2, 11), 10), 5), (3, 13), ((4, 6), 7), ((8, 14), 12), 9, 15, 16);   757 X  4.598  4.255 +0.990818
S=8: 12/36  T= 572  (1, (((2, 11), 10), ((8, 14), 12)), (3, 13), ((4, 6), 7), 5, 9, 15, 16);   729 X  4.586  4.233 +0.990226
S=8: 13/36  T= 573  (1, (((2, 11), 10), 9), (3, 13), ((4, 6), 7), 5, ((8, 14), 12), 15, 16);   775 X  4.594  4.226 -0.000024
S=8: 14/36  T= 574  (1, (((2, 11), 10), 15), (3, 13), ((4, 6), 7), 5, ((8, 14), 12), 9, 16);   769 X  4.594  4.226 -0.000073
S=8: 15/36  T= 575  (1, (((2, 11), 10), 16), (3, 13), ((4, 6), 7), 5, ((8, 14), 12), 9, 15);   678 X  4.594  4.226 -0.000008
S=8: 16/36  T= 576  (1, ((2, 11), 10), ((3, 13), ((4, 6), 7)), 5, ((8, 14), 12), 9, 15, 16);   672 X  4.592  4.228 +0.454946
S=8: 17/36  T= 577  (1, ((2, 11), 10), ((3, 13), 5), ((4, 6), 7), ((8, 14), 12), 9, 15, 16);   693 X  4.592  4.228 +0.149921
S=8: 18/36  T= 578  (1, ((2, 11), 10), ((3, 13), ((8, 14), 12)), ((4, 6), 7), 5, 9, 15, 16);   883 X  4.594  4.226 -0.000021
S=8: 19/36  T= 579  (1, ((2, 11), 10), ((3, 13), 9), ((4, 6), 7), 5, ((8, 14), 12), 15, 16);   796 X  4.609  4.239 +1.283293
S=8: 20/36  T= 580  (1, ((2, 11), 10), ((3, 13), 15), ((4, 6), 7), 5, ((8, 14), 12), 9, 16);   717 X  4.618  4.244 +35.640007
S=8: 21/36  T= 581  (1, ((2, 11), 10), ((3, 13), 16), ((4, 6), 7), 5, ((8, 14), 12), 9, 15);  1080 X  4.594  4.224 -0.000822
S=8: 22/36  T= 582  (1, ((2, 11), 10), (3, 13), (((4, 6), 7), 5), ((8, 14), 12), 9, 15, 16);   653 X  4.594  4.226 -0.000021
S=8: 23/36  T= 583  (1, ((2, 11), 10), (3, 13), (((4, 6), 7), ((8, 14), 12)), 5, 9, 15, 16);   741 X  4.594  4.226 -0.000012
S=8: 24/36  T= 584  (1, ((2, 11), 10), (3, 13), (((4, 6), 7), 9), 5, ((8, 14), 12), 15, 16);   628 X  4.569  4.248 +10.031340
S=8: 25/36  T= 585  (1, ((2, 11), 10), (3, 13), (((4, 6), 7), 15), 5, ((8, 14), 12), 9, 16);   751 X  4.593  4.229 -0.001264
S=8: 26/36  T= 586  (1, ((2, 11), 10), (3, 13), (((4, 6), 7), 16), 5, ((8, 14), 12), 9, 15);   737 X  4.579  4.322 +18.044705
S=8: 27/36  T= 587  (1, ((2, 11), 10), (3, 13), ((4, 6), 7), (5, ((8, 14), 12)), 9, 15, 16);   741 X  4.594  4.229 +1.413366
S=8: 28/36  T= 588  (1, ((2, 11), 10), (3, 13), ((4, 6), 7), (5, 9), ((8, 14), 12), 15, 16);   727 X  4.596  4.220 +0.043955
S=8: 29/36  T= 589  (1, ((2, 11), 10), (3, 13), ((4, 6), 7), (5, 15), ((8, 14), 12), 9, 16);   745 X  4.600  4.229 +0.075226
S=8: 30/36  T= 590  (1, ((2, 11), 10), (3, 13), ((4, 6), 7), (5, 16), ((8, 14), 12), 9, 15);   836 X  4.594  4.226 -0.000002
S=8: 31/36  T= 591  (1, ((2, 11), 10), (3, 13), ((4, 6), 7), 5, (((8, 14), 12), 9), 15, 16);  1051 X  4.594  4.226 -0.000002
S=8: 32/36  T= 592  (1, ((2, 11), 10), (3, 13), ((4, 6), 7), 5, (((8, 14), 12), 15), 9, 16);   691 X  4.627  4.259 -0.037345
S=8: 33/36  T= 593  (1, ((2, 11), 10), (3, 13), ((4, 6), 7), 5, (((8, 14), 12), 16), 9, 15);   861 X  4.598  4.225 +0.102333
S=8: 34/36  T= 594  (1, ((2, 11), 10), (3, 13), ((4, 6), 7), 5, ((8, 14), 12), (9, 15), 16);   720 X  4.598  4.215 -0.001565
S=8: 35/36  T= 595  (1, ((2, 11), 10), (3, 13), ((4, 6), 7), 5, ((8, 14), 12), (9, 16), 15);   747 X  4.574  4.235 +23.387669
S=8: 36/36  T= 596  (1, ((2, 11), 10), (3, 13), ((4, 6), 7), 5, ((8, 14), 12), 9, (15, 16));  1016 X  4.595  4.227 -0.003139

stage 9:    28 trees, ntime: 10  np: 12
star tree: (1, ((2, 11), 10), ((3, 13), 15), ((4, 6), 7), 5, ((8, 14), 12), 9, 16);  lnL:-16874.741175

S=9:  1/28  T= 597  ((1, ((2, 11), 10)), ((3, 13), 15), ((4, 6), 7), 5, ((8, 14), 12), 9, 16);   818 X  4.651  4.312 +4.387816
S=9:  2/28  T= 598  ((1, ((3, 13), 15)), ((2, 11), 10), ((4, 6), 7), 5, ((8, 14), 12), 9, 16);   859 X  4.618  4.244 -0.000033
S=9:  3/28  T= 599  ((1, ((4, 6), 7)), ((2, 11), 10), ((3, 13), 15), 5, ((8, 14), 12), 9, 16);   754 X  4.618  4.244 -0.000011
S=9:  4/28  T= 600  ((1, 5), ((2, 11), 10), ((3, 13), 15), ((4, 6), 7), ((8, 14), 12), 9, 16);   863 X  4.635  4.256 +0.248700
S=9:  5/28  T= 601  ((1, ((8, 14), 12)), ((2, 11), 10), ((3, 13), 15), ((4, 6), 7), 5, 9, 16);   798 X  4.619  4.265 +0.221667
S=9:  6/28  T= 602  ((1, 9), ((2, 11), 10), ((3, 13), 15), ((4, 6), 7), 5, ((8, 14), 12), 16);   831 X  4.618  4.244 -0.000019
S=9:  7/28  T= 603  ((1, 16), ((2, 11), 10), ((3, 13), 15), ((4, 6), 7), 5, ((8, 14), 12), 9);   770 X  4.618  4.244 -0.000018
S=9:  8/28  T= 604  (1, (((2, 11), 10), ((3, 13), 15)), ((4, 6), 7), 5, ((8, 14), 12), 9, 16);   858 X  4.618  4.244 -0.000082
S=9:  9/28  T= 605  (1, (((2, 11), 10), ((4, 6), 7)), ((3, 13), 15), 5, ((8, 14), 12), 9, 16);   854 X  4.618  4.244 -0.000048
S=9: 10/28  T= 606  (1, (((2, 11), 10), 5), ((3, 13), 15), ((4, 6), 7), ((8, 14), 12), 9, 16);   890 X  4.620  4.264 +0.446216
S=9: 11/28  T= 607  (1, (((2, 11), 10), ((8, 14), 12)), ((3, 13), 15), ((4, 6), 7), 5, 9, 16);   733 X  4.612  4.247 +0.590426
S=9: 12/28  T= 608  (1, (((2, 11), 10), 9), ((3, 13), 15), ((4, 6), 7), 5, ((8, 14), 12), 16);   842 X  4.618  4.244 -0.000026
S=9: 13/28  T= 609  (1, (((2, 11), 10), 16), ((3, 13), 15), ((4, 6), 7), 5, ((8, 14), 12), 9);   814 X  4.618  4.244 -0.000007
S=9: 14/28  T= 610  (1, ((2, 11), 10), (((3, 13), 15), ((4, 6), 7)), 5, ((8, 14), 12), 9, 16);   959 X  4.627  4.280 +4.567575
S=9: 15/28  T= 611  (1, ((2, 11), 10), (((3, 13), 15), 5), ((4, 6), 7), ((8, 14), 12), 9, 16);   831 X  4.634  4.269 +1.032276
S=9: 16/28  T= 612  (1, ((2, 11), 10), (((3, 13), 15), ((8, 14), 12)), ((4, 6), 7), 5, 9, 16);  1144 X  4.618  4.244 -0.000011
S=9: 17/28  T= 613  (1, ((2, 11), 10), (((3, 13), 15), 9), ((4, 6), 7), 5, ((8, 14), 12), 16);   973 X  4.599  4.280 +3.134108
S=9: 18/28  T= 614  (1, ((2, 11), 10), (((3, 13), 15), 16), ((4, 6), 7), 5, ((8, 14), 12), 9);   807 X  4.615  4.275 +1.302213
S=9: 19/28  T= 615  (1, ((2, 11), 10), ((3, 13), 15), (((4, 6), 7), 5), ((8, 14), 12), 9, 16);   841 X  4.618  4.244 -0.000021
S=9: 20/28  T= 616  (1, ((2, 11), 10), ((3, 13), 15), (((4, 6), 7), ((8, 14), 12)), 5, 9, 16);   988 X  4.618  4.244 -0.000011
S=9: 21/28  T= 617  (1, ((2, 11), 10), ((3, 13), 15), (((4, 6), 7), 9), 5, ((8, 14), 12), 16);   852 X  4.590  4.300 +11.855673
S=9: 22/28  T= 618  (1, ((2, 11), 10), ((3, 13), 15), (((4, 6), 7), 16), 5, ((8, 14), 12), 9);   942 X  4.623  4.379 +21.564242
S=9: 23/28  T= 619  (1, ((2, 11), 10), ((3, 13), 15), ((4, 6), 7), (5, ((8, 14), 12)), 9, 16);  1002 X  4.620  4.250 +1.142207
S=9: 24/28  T= 620  (1, ((2, 11), 10), ((3, 13), 15), ((4, 6), 7), (5, 9), ((8, 14), 12), 16);  1208 X  4.619  4.239 +0.026890
S=9: 25/28  T= 621  (1, ((2, 11), 10), ((3, 13), 15), ((4, 6), 7), (5, 16), ((8, 14), 12), 9);   872 X  4.618  4.244 -0.000003
S=9: 26/28  T= 622  (1, ((2, 11), 10), ((3, 13), 15), ((4, 6), 7), 5, (((8, 14), 12), 9), 16);  1132 X  4.614  4.243 -0.001145
S=9: 27/28  T= 623  (1, ((2, 11), 10), ((3, 13), 15), ((4, 6), 7), 5, (((8, 14), 12), 16), 9);   931 X  4.623  4.244 +0.095906
S=9: 28/28  T= 624  (1, ((2, 11), 10), ((3, 13), 15), ((4, 6), 7), 5, ((8, 14), 12), (9, 16));   849 X  4.605  4.279 +24.869504

stage 10:    21 trees, ntime: 11  np: 13
star tree: (1, ((2, 11), 10), ((3, 13), 15), ((4, 6), 7), 5, ((8, 14), 12), (9, 16));  lnL:-16849.871671

S=10:  1/21  T= 625  ((1, ((2, 11), 10)), ((3, 13), 15), ((4, 6), 7), 5, ((8, 14), 12), (9, 16));   991 X  4.635  4.330 +3.331431
S=10:  2/21  T= 626  ((1, ((3, 13), 15)), ((2, 11), 10), ((4, 6), 7), 5, ((8, 14), 12), (9, 16));   911 X  4.605  4.279 -0.000032
S=10:  3/21  T= 627  ((1, ((4, 6), 7)), ((2, 11), 10), ((3, 13), 15), 5, ((8, 14), 12), (9, 16));   926 X  4.605  4.279 -0.000010
S=10:  4/21  T= 628  ((1, 5), ((2, 11), 10), ((3, 13), 15), ((4, 6), 7), ((8, 14), 12), (9, 16));  1030 X  4.609  4.281 +0.009865
S=10:  5/21  T= 629  ((1, ((8, 14), 12)), ((2, 11), 10), ((3, 13), 15), ((4, 6), 7), 5, (9, 16));   967 X  4.606  4.283 +0.009834
S=10:  6/21  T= 630  ((1, (9, 16)), ((2, 11), 10), ((3, 13), 15), ((4, 6), 7), 5, ((8, 14), 12));   858 X  4.605  4.279 -0.000025
S=10:  7/21  T= 631  (1, (((2, 11), 10), ((3, 13), 15)), ((4, 6), 7), 5, ((8, 14), 12), (9, 16));   956 X  4.605  4.279 -0.000079
S=10:  8/21  T= 632  (1, (((2, 11), 10), ((4, 6), 7)), ((3, 13), 15), 5, ((8, 14), 12), (9, 16));   936 X  4.605  4.279 -0.000040
S=10:  9/21  T= 633  (1, (((2, 11), 10), 5), ((3, 13), 15), ((4, 6), 7), ((8, 14), 12), (9, 16));   952 X  4.606  4.287 +0.096632
S=10: 10/21  T= 634  (1, (((2, 11), 10), ((8, 14), 12)), ((3, 13), 15), ((4, 6), 7), 5, (9, 16));   929 X  4.602  4.276 +0.220932
S=10: 11/21  T= 635  (1, (((2, 11), 10), (9, 16)), ((3, 13), 15), ((4, 6), 7), 5, ((8, 14), 12));   997 X  4.605  4.279 -0.000035
S=10: 12/21  T= 636  (1, ((2, 11), 10), (((3, 13), 15), ((4, 6), 7)), 5, ((8, 14), 12), (9, 16));   988 X  4.617  4.318 +9.437409
S=10: 13/21  T= 637  (1, ((2, 11), 10), (((3, 13), 15), 5), ((4, 6), 7), ((8, 14), 12), (9, 16));   939 X  4.623  4.302 +0.934181
S=10: 14/21  T= 638  (1, ((2, 11), 10), (((3, 13), 15), ((8, 14), 12)), ((4, 6), 7), 5, (9, 16));   965 X  4.605  4.279 -0.000013
S=10: 15/21  T= 639  (1, ((2, 11), 10), (((3, 13), 15), (9, 16)), ((4, 6), 7), 5, ((8, 14), 12));   989 X  4.623  4.344 +10.402181
S=10: 16/21  T= 640  (1, ((2, 11), 10), ((3, 13), 15), (((4, 6), 7), 5), ((8, 14), 12), (9, 16));  1046 X  4.605  4.279 -0.000019
S=10: 17/21  T= 641  (1, ((2, 11), 10), ((3, 13), 15), (((4, 6), 7), ((8, 14), 12)), 5, (9, 16));   914 X  4.606  4.278 -0.001162
S=10: 18/21  T= 642  (1, ((2, 11), 10), ((3, 13), 15), (((4, 6), 7), (9, 16)), 5, ((8, 14), 12));  1052 X  4.616  4.361 +46.418150
S=10: 19/21  T= 643  (1, ((2, 11), 10), ((3, 13), 15), ((4, 6), 7), (5, ((8, 14), 12)), (9, 16));   937 X  4.607  4.280 +0.685170
S=10: 20/21  T= 644  (1, ((2, 11), 10), ((3, 13), 15), ((4, 6), 7), (5, (9, 16)), ((8, 14), 12));   949 X  4.606  4.282 -0.000859
S=10: 21/21  T= 645  (1, ((2, 11), 10), ((3, 13), 15), ((4, 6), 7), 5, (((8, 14), 12), (9, 16)));   917 X  4.644  4.294 +2.654880

stage 11:    15 trees, ntime: 12  np: 14
star tree: (1, ((2, 11), 10), ((3, 13), 15), (((4, 6), 7), (9, 16)), 5, ((8, 14), 12));  lnL:-16803.453521

S=11:  1/15  T= 646  ((1, ((2, 11), 10)), ((3, 13), 15), (((4, 6), 7), (9, 16)), 5, ((8, 14), 12));  1078 X  4.633  4.400 +2.078823
S=11:  2/15  T= 647  ((1, ((3, 13), 15)), ((2, 11), 10), (((4, 6), 7), (9, 16)), 5, ((8, 14), 12));   959 X  4.616  4.361 -0.000031
S=11:  3/15  T= 648  ((1, (((4, 6), 7), (9, 16))), ((2, 11), 10), ((3, 13), 15), 5, ((8, 14), 12));   972 X  4.616  4.361 -0.000016
S=11:  4/15  T= 649  ((1, 5), ((2, 11), 10), ((3, 13), 15), (((4, 6), 7), (9, 16)), ((8, 14), 12));  1088 X  4.616  4.361 -0.000006
S=11:  5/15  T= 650  ((1, ((8, 14), 12)), ((2, 11), 10), ((3, 13), 15), (((4, 6), 7), (9, 16)), 5);  1152 X  4.616  4.361 -0.000005
S=11:  6/15  T= 651  (1, (((2, 11), 10), ((3, 13), 15)), (((4, 6), 7), (9, 16)), 5, ((8, 14), 12));  1048 X  4.616  4.361 -0.000076
S=11:  7/15  T= 652  (1, (((2, 11), 10), (((4, 6), 7), (9, 16))), ((3, 13), 15), 5, ((8, 14), 12));  1259 X  4.616  4.361 -0.000025
S=11:  8/15  T= 653  (1, (((2, 11), 10), 5), ((3, 13), 15), (((4, 6), 7), (9, 16)), ((8, 14), 12));   982 X  4.616  4.361 -0.000010
S=11:  9/15  T= 654  (1, (((2, 11), 10), ((8, 14), 12)), ((3, 13), 15), (((4, 6), 7), (9, 16)), 5);  1088 X  4.614  4.358 +0.031347
S=11: 10/15  T= 655  (1, ((2, 11), 10), (((3, 13), 15), (((4, 6), 7), (9, 16))), 5, ((8, 14), 12));  1549 X  4.608  4.396 +29.991226
S=11: 11/15  T= 656  (1, ((2, 11), 10), (((3, 13), 15), 5), (((4, 6), 7), (9, 16)), ((8, 14), 12));  1058 X  4.632  4.384 +0.745595
S=11: 12/15  T= 657  (1, ((2, 11), 10), (((3, 13), 15), ((8, 14), 12)), (((4, 6), 7), (9, 16)), 5);  1051 X  4.616  4.361 -0.000010
S=11: 13/15  T= 658  (1, ((2, 11), 10), ((3, 13), 15), ((((4, 6), 7), (9, 16)), 5), ((8, 14), 12));  1073 X  4.616  4.361 -0.000003
S=11: 14/15  T= 659  (1, ((2, 11), 10), ((3, 13), 15), ((((4, 6), 7), (9, 16)), ((8, 14), 12)), 5);  1028 X  4.648  4.373 +1.575612
S=11: 15/15  T= 660  (1, ((2, 11), 10), ((3, 13), 15), (((4, 6), 7), (9, 16)), (5, ((8, 14), 12)));  1031 X  4.619  4.359 +0.193662

stage 12:    10 trees, ntime: 13  np: 15
star tree: (1, ((2, 11), 10), (((3, 13), 15), (((4, 6), 7), (9, 16))), 5, ((8, 14), 12));  lnL:-16773.462295

S=12:  1/10  T= 661  ((1, ((2, 11), 10)), (((3, 13), 15), (((4, 6), 7), (9, 16))), 5, ((8, 14), 12));  1300 X  4.620  4.423 +1.424416
S=12:  2/10  T= 662  ((1, (((3, 13), 15), (((4, 6), 7), (9, 16)))), ((2, 11), 10), 5, ((8, 14), 12));  1825 X  4.608  4.392 +0.067637
S=12:  3/10  T= 663  ((1, 5), ((2, 11), 10), (((3, 13), 15), (((4, 6), 7), (9, 16))), ((8, 14), 12));  1156 X  4.608  4.396 -0.000007
S=12:  4/10  T= 664  ((1, ((8, 14), 12)), ((2, 11), 10), (((3, 13), 15), (((4, 6), 7), (9, 16))), 5);  1176 X  4.608  4.396 -0.000008
S=12:  5/10  T= 665  (1, (((2, 11), 10), (((3, 13), 15), (((4, 6), 7), (9, 16)))), 5, ((8, 14), 12));  1257 X  4.608  4.396 -0.000028
S=12:  6/10  T= 666  (1, (((2, 11), 10), 5), (((3, 13), 15), (((4, 6), 7), (9, 16))), ((8, 14), 12));  1201 X  4.608  4.396 -0.000018
S=12:  7/10  T= 667  (1, (((2, 11), 10), ((8, 14), 12)), (((3, 13), 15), (((4, 6), 7), (9, 16))), 5);  1420 X  4.608  4.396 -0.000004
S=12:  8/10  T= 668  (1, ((2, 11), 10), ((((3, 13), 15), (((4, 6), 7), (9, 16))), 5), ((8, 14), 12));  1618 X  4.616  4.410 +0.365841
S=12:  9/10  T= 669  (1, ((2, 11), 10), ((((3, 13), 15), (((4, 6), 7), (9, 16))), ((8, 14), 12)), 5);  1138 X  4.630  4.421 +4.060820
S=12: 10/10  T= 670  (1, ((2, 11), 10), (((3, 13), 15), (((4, 6), 7), (9, 16))), (5, ((8, 14), 12)));  1120 X  4.612  4.392 +0.105955

stage 13:     6 trees, ntime: 14  np: 16
star tree: (1, ((2, 11), 10), ((((3, 13), 15), (((4, 6), 7), (9, 16))), ((8, 14), 12)), 5);  lnL:-16769.401475

S=13:  1/6  T= 671  ((1, ((2, 11), 10)), ((((3, 13), 15), (((4, 6), 7), (9, 16))), ((8, 14), 12)), 5);  1386 X  4.639  4.439 +0.770957
S=13:  2/6  T= 672  ((1, ((((3, 13), 15), (((4, 6), 7), (9, 16))), ((8, 14), 12))), ((2, 11), 10), 5);  1593 X  4.632  4.424 +0.678340
S=13:  3/6  T= 673  ((1, 5), ((2, 11), 10), ((((3, 13), 15), (((4, 6), 7), (9, 16))), ((8, 14), 12)));  1423 X  4.630  4.421 -0.000007
S=13:  4/6  T= 674  (1, (((2, 11), 10), ((((3, 13), 15), (((4, 6), 7), (9, 16))), ((8, 14), 12))), 5);  1292 X  4.630  4.421 -0.000021
S=13:  5/6  T= 675  (1, (((2, 11), 10), 5), ((((3, 13), 15), (((4, 6), 7), (9, 16))), ((8, 14), 12)));  1307 X  4.630  4.421 -0.000023
S=13:  6/6  T= 676  (1, ((2, 11), 10), (((((3, 13), 15), (((4, 6), 7), (9, 16))), ((8, 14), 12)), 5));  1627 X  4.635  4.465 +7.140619

stage 14:     3 trees, ntime: 15  np: 17
star tree: (1, ((2, 11), 10), (((((3, 13), 15), (((4, 6), 7), (9, 16))), ((8, 14), 12)), 5));  lnL:-16762.260856

S=14:  1/3  T= 677  ((1, ((2, 11), 10)), (((((3, 13), 15), (((4, 6), 7), (9, 16))), ((8, 14), 12)), 5));  1756 X  4.635  4.465 -0.000020
S=14:  2/3  T= 678  ((1, (((((3, 13), 15), (((4, 6), 7), (9, 16))), ((8, 14), 12)), 5)), ((2, 11), 10));  1836 X  4.629  4.440 +2.762583
S=14:  3/3  T= 679  (1, (((2, 11), 10), (((((3, 13), 15), (((4, 6), 7), (9, 16))), ((8, 14), 12)), 5)));  1518 X  4.635  4.465 -0.000012

best tree: ((1, (((((3, 13), 15), (((4, 6), 7), (9, 16))), ((8, 14), 12)), 5)), ((2, 11), 10));   lnL: -16759.498273
 0
